Best cromosome [6, 42, 49, 93, 90, 5, 8, 26, 20, 5, 37, 78, 41, 25, 59, 16, 6, 12]

Best cromosome [4, 63, 46, 94, 97, 14, 1, 35, 9, 4, 56, 83, 55, 22, 69, 6, 15, 2]

Best cromosome [35, 45, 38, 98, 100, 38, 1, 16, 6, 35, 49, 99, 48, 10, 61, 16, 5, 15]

Best cromosome [45, 46, 45, 89, 99, 37, 21, 17, 0, 21, 44, 86, 40, 20, 64, 2, 4, 1]

Best cromosome [20, 37, 30, 98, 93, 33, 27, 17, 11, 12, 42, 88, 25, 13, 66, 14, 0, 9]

Best cromosome [1, 48, 28, 89, 94, 12, 13, 44, 1, 0, 31, 87, 32, 17, 65, 20, 23, 1]

Best cromosome [6, 31, 1, 86, 100, 29, 10, 28, 7, 1, 87, 80, 13, 20, 75, 6, 11, 0]

Best cromosome [16, 58, 34, 88, 93, 9, 1, 44, 10, 9, 44, 94, 44, 28, 64, 4, 8, 2]

Best cromosome [18, 37, 20, 97, 95, 15, 12, 45, 20, 4, 56, 98, 26, 16, 99, 0, 13, 1]

Best cromosome [2, 14, 44, 100, 100, 0, 1, 49, 2, 24, 47, 87, 46, 10, 55, 5, 5, 4]

MAE mean:     0.286

MZE mean:     0.271428571429

Best cromosome [30, 46, 63, 100, 100, 25, 54, 9, 9, 68, 95, 21, 2, 8, 47, 76, 17, 5]

Best cromosome [15, 63, 35, 94, 89, 6, 73, 1, 10, 34, 95, 46, 0, 0, 32, 87, 2, 0]

Best cromosome [19, 68, 1, 95, 83, 0, 39, 4, 6, 8, 100, 74, 6, 1, 10, 58, 5, 5]

Best cromosome [30, 60, 14, 84, 94, 22, 73, 5, 28, 18, 91, 27, 1, 2, 41, 85, 0, 4]

Best cromosome [5, 53, 30, 72, 98, 19, 66, 10, 11, 2, 96, 22, 1, 5, 28, 77, 1, 4]

Best cromosome [14, 96, 78, 98, 85, 28, 30, 3, 2, 0, 81, 35, 7, 5, 41, 30, 19, 3]

Best cromosome [6, 62, 50, 89, 85, 7, 56, 6, 7, 30, 98, 28, 10, 7, 11, 63, 2, 0]

Best cromosome [7, 81, 34, 88, 97, 12, 71, 3, 17, 9, 93, 20, 2, 1, 32, 64, 2, 4]

Best cromosome [5, 81, 21, 96, 86, 64, 62, 2, 11, 12, 89, 69, 1, 10, 45, 99, 9, 1]

Best cromosome [6, 69, 26, 100, 88, 22, 75, 4, 13, 3, 96, 22, 0, 5, 17, 85, 8, 4]

MAE mean:     0.292

MZE mean:     0.266857142857

Best cromosome [4, 19, 2, 74, 32, 55, 16, 54, 73, 91, 96, 50, 24, 25, 43, 91, 89, 45]

Best cromosome [6, 30, 18, 82, 68, 34, 17, 28, 15, 61, 87, 16, 100, 0, 60, 92, 39, 45]

Best cromosome [3, 18, 30, 97, 81, 71, 4, 59, 45, 55, 99, 37, 95, 15, 50, 82, 73, 66]

Best cromosome [2, 13, 21, 87, 94, 81, 0, 60, 36, 35, 84, 27, 93, 12, 53, 80, 62, 68]

Best cromosome [16, 9, 18, 60, 99, 98, 32, 44, 30, 29, 96, 11, 80, 23, 65, 77, 60, 12]

Best cromosome [15, 25, 31, 43, 86, 85, 6, 43, 92, 90, 95, 24, 66, 48, 11, 89, 81, 49]

Best cromosome [10, 9, 15, 64, 97, 30, 38, 45, 23, 79, 99, 16, 97, 17, 51, 82, 70, 46]

Best cromosome [16, 12, 2, 76, 96, 63, 13, 56, 20, 55, 96, 14, 85, 29, 63, 92, 67, 21]

Best cromosome [6, 42, 0, 98, 87, 86, 7, 40, 45, 65, 98, 23, 100, 47, 54, 72, 87, 32]

Best cromosome [7, 13, 36, 61, 77, 66, 18, 46, 50, 86, 100, 9, 88, 21, 24, 84, 57, 83]

MAE mean:     0.270857142857

MZE mean:     0.254285714286

Best cromosome [5, 70, 4, 52, 65, 53, 10, 46, 9, 50, 78, 100, 26, 22, 80, 0, 99, 1]

Best cromosome [5, 97, 3, 61, 95, 67, 3, 30, 21, 93, 43, 98, 85, 1, 14, 1, 68, 15]

Best cromosome [3, 66, 5, 4, 85, 93, 4, 32, 15, 0, 86, 93, 21, 17, 79, 9, 87, 6]

Best cromosome [17, 65, 14, 66, 47, 58, 18, 46, 4, 67, 93, 99, 19, 23, 86, 13, 100, 1]

Best cromosome [11, 74, 1, 66, 88, 68, 17, 56, 24, 100, 70, 94, 80, 33, 46, 3, 80, 11]

Best cromosome [20, 54, 50, 27, 90, 69, 5, 33, 5, 56, 72, 95, 62, 15, 18, 1, 81, 5]

Best cromosome [10, 52, 2, 0, 79, 26, 2, 54, 23, 98, 87, 98, 29, 16, 60, 3, 76, 8]

Best cromosome [6, 61, 6, 82, 69, 62, 3, 23, 31, 97, 52, 91, 81, 10, 46, 0, 62, 24]

Best cromosome [1, 72, 9, 65, 93, 94, 13, 46, 3, 51, 80, 99, 81, 24, 52, 7, 97, 12]

Best cromosome [15, 67, 7, 22, 100, 66, 7, 24, 16, 42, 84, 89, 39, 33, 58, 17, 57, 6]

MAE mean:     0.271428571429

MZE mean:     0.250857142857

Best cromosome [5, 12, 2, 92, 91, 92, 74, 92, 25, 82, 4, 26, 31, 98, 92, 2, 17, 5]

Best cromosome [6, 37, 9, 94, 67, 94, 85, 84, 17, 77, 6, 26, 14, 69, 84, 12, 17, 0]

Best cromosome [7, 3, 1, 97, 63, 52, 64, 80, 44, 84, 10, 24, 20, 69, 79, 2, 40, 4]

Best cromosome [12, 68, 7, 47, 99, 80, 56, 93, 27, 84, 0, 92, 20, 2, 66, 2, 93, 3]

Best cromosome [4, 1, 14, 93, 77, 82, 60, 86, 50, 96, 11, 67, 13, 94, 98, 3, 8, 4]

Best cromosome [2, 34, 1, 99, 87, 74, 79, 72, 21, 92, 11, 37, 12, 77, 96, 4, 32, 2]

Best cromosome [5, 11, 43, 89, 96, 77, 31, 99, 23, 91, 0, 49, 16, 69, 41, 26, 3, 5]

Best cromosome [13, 2, 6, 82, 39, 53, 81, 92, 37, 60, 6, 55, 3, 15, 88, 25, 12, 2]

Best cromosome [13, 25, 4, 87, 76, 88, 72, 97, 12, 83, 5, 69, 0, 38, 80, 48, 45, 1]

Best cromosome [4, 12, 9, 97, 98, 77, 75, 99, 14, 99, 6, 32, 45, 97, 70, 6, 37, 7]

MAE mean:     0.310857142857

MZE mean:     0.299714285714

