Best cromosome [1, 79, 63, 2, 65, 15, 10, 93, 72, 53, 8, 50, 52, 78, 32, 93, 56, 14]

Best cromosome [29, 87, 71, 14, 88, 11, 5, 100, 4, 50, 11, 24, 79, 78, 23, 55, 80, 32]

Best cromosome [7, 84, 94, 9, 38, 76, 7, 83, 29, 31, 36, 2, 6, 10, 95, 64, 33, 6]

Best cromosome [11, 70, 55, 8, 72, 6, 11, 92, 79, 28, 3, 88, 97, 35, 69, 54, 33, 50]

Best cromosome [29, 61, 43, 8, 78, 34, 3, 90, 59, 18, 1, 35, 52, 45, 9, 43, 12, 78]

Best cromosome [13, 76, 62, 1, 96, 46, 4, 98, 20, 46, 24, 13, 14, 53, 78, 56, 58, 10]

Best cromosome [38, 49, 89, 0, 80, 63, 1, 96, 39, 33, 13, 32, 96, 3, 58, 100, 58, 88]

Best cromosome [84, 89, 73, 16, 41, 23, 1, 92, 29, 10, 25, 53, 47, 3, 94, 98, 17, 24]

Best cromosome [19, 71, 72, 3, 67, 9, 12, 97, 4, 9, 11, 66, 60, 48, 81, 47, 83, 29]

Best cromosome [79, 65, 70, 1, 80, 72, 4, 97, 76, 33, 5, 20, 86, 77, 58, 98, 0, 16]

MAE mean:     0.415384615385

MZE mean:     0.415384615385

Best cromosome [56, 91, 87, 89, 54, 87, 68, 92, 67, 92, 56, 64, 29, 77, 28, 75, 94, 37]

Best cromosome [6, 82, 9, 53, 3, 82, 41, 17, 97, 78, 79, 90, 30, 64, 87, 94, 79, 29]

Best cromosome [8, 87, 68, 61, 1, 33, 6, 13, 90, 87, 53, 37, 10, 56, 64, 43, 58, 10]

Best cromosome [33, 41, 50, 98, 89, 83, 89, 64, 99, 77, 72, 53, 84, 33, 56, 80, 100, 2]

Best cromosome [26, 95, 88, 45, 24, 81, 76, 53, 99, 80, 21, 62, 58, 56, 66, 23, 47, 27]

Best cromosome [81, 55, 44, 58, 67, 80, 13, 96, 91, 81, 56, 54, 29, 89, 34, 29, 75, 46]

Best cromosome [53, 73, 41, 38, 57, 96, 63, 46, 56, 90, 32, 38, 12, 60, 73, 52, 95, 7]

Best cromosome [11, 17, 75, 45, 43, 99, 41, 31, 93, 94, 72, 90, 57, 91, 23, 77, 35, 79]

Best cromosome [31, 45, 96, 82, 6, 93, 60, 50, 99, 77, 82, 68, 45, 86, 56, 46, 41, 53]

Best cromosome [46, 35, 75, 30, 3, 14, 59, 93, 95, 77, 38, 88, 66, 97, 48, 32, 84, 28]

MAE mean:     0.453846153846

MZE mean:     0.376923076923

Best cromosome [83, 16, 75, 63, 54, 74, 68, 22, 63, 73, 52, 1, 23, 25, 96, 15, 6, 95]

Best cromosome [84, 8, 63, 28, 9, 34, 39, 26, 36, 82, 5, 7, 86, 46, 71, 0, 43, 100]

Best cromosome [67, 11, 40, 73, 91, 79, 6, 74, 32, 78, 97, 27, 52, 35, 30, 6, 19, 93]

Best cromosome [56, 14, 62, 81, 9, 59, 41, 17, 72, 87, 93, 28, 13, 48, 59, 18, 47, 52]

Best cromosome [68, 38, 90, 43, 66, 94, 36, 0, 64, 98, 95, 37, 59, 6, 56, 14, 53, 67]

Best cromosome [53, 35, 76, 1, 52, 85, 22, 52, 34, 76, 73, 2, 75, 17, 77, 11, 73, 97]

Best cromosome [97, 10, 50, 3, 32, 72, 49, 27, 46, 43, 45, 64, 63, 14, 67, 19, 40, 51]

Best cromosome [93, 43, 54, 48, 53, 90, 42, 42, 9, 99, 77, 45, 21, 18, 80, 13, 20, 91]

Best cromosome [88, 94, 91, 60, 18, 18, 50, 2, 59, 69, 66, 22, 26, 27, 99, 28, 58, 61]

Best cromosome [63, 6, 84, 31, 43, 75, 19, 74, 50, 28, 86, 10, 93, 18, 100, 40, 31, 99]

MAE mean:     0.338461538462

MZE mean:     0.261538461538

Best cromosome [48, 4, 69, 70, 91, 51, 7, 83, 38, 41, 72, 4, 31, 96, 92, 6, 7, 37]

Best cromosome [55, 22, 47, 91, 82, 39, 38, 76, 61, 53, 55, 1, 32, 0, 39, 2, 39, 31]

Best cromosome [43, 14, 8, 75, 96, 15, 31, 88, 4, 19, 76, 25, 74, 1, 14, 29, 36, 26]

Best cromosome [82, 8, 97, 98, 91, 10, 18, 92, 57, 90, 93, 54, 35, 48, 67, 8, 4, 59]

Best cromosome [58, 3, 72, 68, 80, 81, 3, 93, 66, 53, 83, 17, 33, 18, 75, 24, 18, 53]

Best cromosome [27, 0, 24, 72, 87, 4, 34, 76, 56, 36, 95, 51, 85, 12, 91, 28, 23, 27]

Best cromosome [42, 19, 39, 74, 71, 3, 13, 67, 75, 25, 94, 0, 90, 3, 60, 9, 0, 55]

Best cromosome [29, 12, 38, 89, 36, 25, 37, 66, 85, 94, 61, 16, 7, 42, 81, 75, 35, 95]

Best cromosome [49, 10, 36, 92, 98, 12, 3, 89, 59, 3, 86, 20, 1, 69, 8, 10, 7, 56]

Best cromosome [21, 4, 54, 61, 87, 1, 26, 59, 81, 35, 43, 16, 4, 66, 62, 20, 9, 31]

MAE mean:     0.392307692308

MZE mean:     0.315384615385

Best cromosome [54, 7, 10, 72, 99, 12, 83, 14, 25, 0, 11, 13, 88, 24, 2, 39, 29, 12]

Best cromosome [12, 3, 68, 83, 90, 41, 72, 27, 4, 34, 23, 9, 37, 12, 38, 31, 40, 8]

Best cromosome [54, 83, 91, 74, 96, 21, 69, 5, 10, 32, 18, 42, 79, 43, 22, 8, 45, 15]

Best cromosome [94, 57, 72, 40, 53, 26, 0, 47, 79, 76, 84, 73, 91, 31, 20, 71, 53, 98]

Best cromosome [85, 58, 69, 48, 88, 41, 90, 20, 97, 33, 55, 87, 13, 48, 46, 39, 6, 58]

Best cromosome [89, 37, 79, 83, 94, 73, 50, 39, 46, 39, 27, 75, 31, 54, 18, 59, 2, 35]

Best cromosome [4, 11, 70, 89, 77, 2, 56, 5, 8, 21, 11, 12, 73, 7, 29, 9, 22, 8]

Best cromosome [48, 37, 88, 48, 83, 8, 77, 26, 18, 47, 47, 25, 100, 64, 20, 34, 2, 17]

Best cromosome [42, 9, 50, 87, 98, 72, 74, 2, 43, 2, 1, 52, 99, 63, 5, 21, 33, 28]

Best cromosome [1, 23, 21, 30, 89, 9, 84, 4, 11, 65, 0, 20, 84, 3, 4, 6, 10, 13]

MAE mean:     0.269230769231

MZE mean:     0.269230769231

