Best cromosome [1, 46, 74, 13, 52, 33, 81, 98, 9, 85, 7, 81, 13, 55, 64, 77, 75, 72]

Best cromosome [12, 1, 24, 31, 1, 53, 86, 90, 11, 11, 16, 95, 0, 68, 29, 66, 10, 46]

Best cromosome [10, 16, 20, 7, 79, 93, 93, 64, 33, 40, 23, 97, 16, 73, 45, 89, 94, 81]

Best cromosome [23, 38, 19, 12, 71, 47, 86, 80, 24, 64, 32, 93, 7, 53, 51, 85, 92, 63]

Best cromosome [0, 5, 37, 18, 34, 59, 97, 91, 11, 9, 12, 48, 11, 47, 70, 94, 60, 2]

Best cromosome [16, 3, 71, 21, 60, 28, 71, 65, 1, 61, 7, 85, 3, 74, 72, 81, 78, 15]

Best cromosome [10, 9, 23, 5, 56, 67, 93, 73, 19, 77, 42, 97, 17, 58, 46, 100, 76, 76]

Best cromosome [23, 2, 72, 0, 5, 5, 86, 96, 27, 65, 25, 84, 15, 11, 32, 85, 16, 29]

Best cromosome [10, 21, 36, 17, 80, 95, 75, 80, 15, 18, 13, 99, 13, 36, 64, 89, 70, 59]

Best cromosome [1, 23, 21, 1, 74, 31, 96, 54, 2, 82, 34, 96, 22, 68, 63, 83, 83, 87]

MAE mean:     0.785436893204

MZE mean:     0.539805825243

Best cromosome [15, 18, 17, 6, 33, 80, 47, 4, 96, 51, 8, 99, 58, 91, 12, 41, 39, 12]

Best cromosome [16, 34, 9, 18, 50, 49, 89, 4, 96, 52, 17, 99, 46, 92, 13, 14, 18, 6]

Best cromosome [35, 33, 31, 11, 58, 62, 78, 33, 94, 33, 13, 98, 90, 91, 18, 43, 2, 22]

Best cromosome [33, 28, 43, 19, 98, 53, 86, 1, 80, 29, 3, 99, 40, 94, 5, 13, 5, 2]

Best cromosome [18, 28, 38, 15, 66, 38, 89, 21, 99, 35, 2, 94, 66, 99, 7, 46, 0, 28]

Best cromosome [13, 22, 42, 18, 84, 54, 100, 24, 89, 36, 1, 97, 13, 94, 29, 13, 15, 1]

Best cromosome [84, 63, 19, 50, 49, 7, 63, 11, 98, 1, 25, 100, 62, 72, 17, 27, 11, 6]

Best cromosome [51, 18, 39, 0, 69, 34, 86, 5, 77, 36, 19, 91, 44, 90, 9, 3, 8, 0]

Best cromosome [7, 21, 12, 3, 44, 43, 97, 22, 97, 75, 4, 89, 62, 95, 10, 39, 0, 4]

Best cromosome [25, 28, 9, 6, 63, 25, 90, 0, 76, 58, 15, 95, 54, 96, 3, 31, 5, 17]

MAE mean:     1.02669902913

MZE mean:     0.611650485437

Best cromosome [6, 54, 37, 58, 34, 74, 12, 98, 13, 37, 82, 46, 0, 77, 86, 100, 78, 47]

Best cromosome [11, 18, 91, 89, 19, 33, 14, 87, 6, 42, 95, 28, 2, 89, 92, 99, 79, 45]

Best cromosome [2, 59, 70, 68, 25, 0, 72, 96, 28, 20, 98, 13, 0, 75, 42, 99, 74, 20]

Best cromosome [33, 55, 94, 83, 55, 72, 30, 1, 4, 22, 93, 68, 16, 38, 90, 37, 77, 24]

Best cromosome [20, 32, 88, 69, 13, 10, 3, 93, 40, 37, 76, 62, 3, 73, 59, 77, 90, 38]

Best cromosome [39, 13, 60, 94, 0, 28, 5, 89, 10, 4, 63, 56, 0, 74, 55, 88, 81, 32]

Best cromosome [10, 22, 45, 67, 10, 32, 16, 85, 5, 26, 66, 63, 1, 91, 52, 83, 77, 46]

Best cromosome [12, 54, 92, 38, 45, 4, 95, 94, 26, 17, 83, 23, 9, 43, 42, 94, 76, 16]

Best cromosome [15, 55, 67, 74, 6, 54, 20, 13, 1, 56, 89, 97, 16, 47, 32, 96, 58, 77]

Best cromosome [0, 34, 90, 80, 56, 30, 11, 21, 4, 20, 76, 20, 0, 97, 97, 23, 74, 48]

MAE mean:     0.874757281553

MZE mean:     0.585922330097

Best cromosome [39, 66, 8, 8, 13, 71, 81, 2, 9, 81, 65, 75, 41, 6, 68, 78, 98, 97]

Best cromosome [50, 59, 5, 11, 0, 93, 83, 7, 3, 42, 85, 95, 30, 9, 71, 90, 83, 85]

Best cromosome [41, 100, 29, 7, 30, 41, 62, 23, 12, 60, 56, 99, 45, 19, 99, 89, 90, 80]

Best cromosome [18, 50, 40, 10, 23, 68, 49, 9, 10, 30, 84, 93, 40, 16, 80, 96, 89, 73]

Best cromosome [8, 50, 27, 10, 15, 91, 25, 17, 9, 21, 65, 81, 52, 49, 85, 98, 99, 90]

Best cromosome [17, 85, 33, 11, 13, 80, 66, 26, 4, 2, 28, 97, 36, 3, 52, 84, 91, 92]

Best cromosome [17, 53, 31, 15, 4, 50, 66, 21, 5, 33, 60, 87, 45, 7, 78, 86, 95, 70]

Best cromosome [31, 65, 26, 8, 7, 29, 57, 1, 8, 85, 65, 94, 41, 18, 79, 92, 96, 94]

Best cromosome [68, 89, 39, 1, 5, 70, 39, 18, 17, 40, 80, 94, 33, 9, 63, 71, 98, 85]

Best cromosome [62, 75, 24, 50, 18, 65, 73, 7, 2, 59, 83, 93, 33, 21, 58, 80, 93, 75]

MAE mean:     0.983009708738

MZE mean:     0.55

Best cromosome [4, 1, 8, 4, 13, 36, 71, 21, 5, 5, 72, 100, 12, 26, 90, 14, 89, 52]

Best cromosome [20, 78, 0, 16, 61, 58, 68, 64, 100, 14, 1, 88, 97, 9, 18, 73, 50, 32]

Best cromosome [3, 49, 79, 11, 4, 8, 56, 74, 7, 56, 89, 47, 57, 0, 0, 13, 100, 13]

Best cromosome [39, 1, 7, 6, 59, 4, 60, 0, 33, 0, 97, 94, 74, 31, 58, 4, 89, 9]

Best cromosome [8, 12, 1, 4, 15, 3, 93, 78, 11, 22, 98, 97, 70, 5, 55, 39, 89, 79]

Best cromosome [20, 40, 39, 5, 3, 33, 91, 47, 4, 26, 100, 100, 6, 35, 0, 0, 78, 25]

Best cromosome [14, 2, 6, 28, 6, 29, 94, 1, 43, 26, 87, 98, 40, 57, 46, 4, 90, 8]

Best cromosome [11, 3, 3, 9, 0, 8, 71, 2, 10, 29, 63, 95, 13, 54, 36, 4, 78, 24]

Best cromosome [47, 8, 14, 65, 66, 4, 64, 9, 72, 67, 27, 100, 86, 5, 71, 62, 89, 3]

Best cromosome [6, 28, 62, 1, 13, 42, 76, 44, 4, 20, 97, 88, 21, 51, 11, 28, 92, 16]

MAE mean:     0.979611650485

MZE mean:     0.58786407767

