Best cromosome [7, 100, 22, 29, 57, 1, 15, 8, 55, 5, 50, 5, 16, 9, 14, 93, 99, 23]

Best cromosome [4, 84, 23, 24, 46, 14, 2, 42, 98, 5, 25, 7, 6, 9, 44, 69, 78, 15]

Best cromosome [9, 97, 24, 15, 39, 0, 14, 26, 35, 0, 41, 0, 38, 0, 18, 66, 80, 45]

Best cromosome [6, 99, 13, 56, 13, 14, 21, 30, 37, 33, 27, 8, 11, 16, 18, 89, 80, 34]

Best cromosome [44, 97, 7, 8, 0, 3, 16, 41, 46, 6, 33, 0, 4, 7, 54, 36, 45, 2]

Best cromosome [9, 97, 24, 24, 48, 6, 3, 49, 90, 0, 31, 5, 21, 3, 54, 88, 91, 20]

Best cromosome [16, 94, 32, 19, 59, 15, 18, 1, 51, 1, 51, 0, 5, 6, 5, 85, 90, 18]

Best cromosome [43, 100, 10, 27, 1, 0, 5, 42, 59, 1, 64, 0, 17, 10, 67, 58, 45, 1]

Best cromosome [15, 100, 22, 13, 59, 1, 29, 38, 39, 14, 68, 4, 26, 27, 39, 99, 58, 72]

Best cromosome [9, 98, 48, 20, 56, 2, 5, 14, 52, 5, 33, 7, 33, 5, 10, 100, 91, 17]

MAE mean:     0.689235127479

MZE mean:     0.538526912181

Best cromosome [56, 100, 3, 4, 4, 39, 15, 4, 10, 33, 52, 3, 16, 75, 23, 99, 97, 64]

Best cromosome [45, 56, 3, 11, 4, 28, 9, 1, 1, 77, 67, 4, 32, 74, 32, 97, 73, 41]

Best cromosome [20, 91, 4, 3, 1, 64, 3, 1, 46, 51, 30, 0, 15, 87, 35, 90, 91, 63]

Best cromosome [23, 100, 0, 1, 3, 43, 32, 11, 73, 44, 64, 4, 26, 57, 77, 79, 100, 40]

Best cromosome [12, 79, 1, 1, 0, 51, 9, 4, 1, 37, 49, 33, 7, 90, 54, 96, 100, 61]

Best cromosome [20, 55, 7, 7, 0, 37, 2, 0, 7, 36, 70, 13, 32, 74, 47, 93, 91, 73]

Best cromosome [7, 100, 3, 3, 0, 43, 18, 25, 76, 52, 37, 8, 9, 72, 58, 85, 100, 51]

Best cromosome [11, 100, 0, 1, 7, 67, 77, 13, 0, 21, 86, 0, 13, 86, 92, 85, 88, 68]

Best cromosome [57, 98, 3, 20, 6, 60, 2, 0, 29, 1, 89, 21, 10, 81, 74, 95, 83, 56]

Best cromosome [0, 81, 0, 13, 0, 12, 33, 22, 39, 78, 58, 1, 1, 58, 78, 69, 91, 41]

MAE mean:     0.676487252125

MZE mean:     0.522127793516

Best cromosome [4, 42, 1, 86, 78, 5, 95, 2, 9, 25, 31, 97, 8, 81, 5, 90, 5, 1]

Best cromosome [36, 78, 10, 85, 35, 66, 80, 24, 0, 96, 99, 98, 59, 65, 0, 97, 24, 11]

Best cromosome [3, 58, 1, 91, 85, 56, 78, 2, 0, 73, 76, 93, 14, 69, 4, 90, 56, 2]

Best cromosome [5, 22, 6, 63, 61, 22, 92, 19, 8, 42, 88, 84, 37, 98, 6, 100, 5, 2]

Best cromosome [6, 39, 8, 85, 97, 42, 61, 17, 13, 8, 85, 1, 8, 59, 8, 98, 71, 2]

Best cromosome [30, 91, 8, 96, 22, 65, 69, 14, 4, 90, 94, 77, 36, 64, 0, 100, 40, 0]

Best cromosome [14, 54, 2, 89, 79, 38, 89, 3, 0, 52, 79, 90, 10, 64, 2, 91, 44, 4]

Best cromosome [19, 12, 14, 91, 21, 29, 71, 5, 3, 14, 40, 70, 10, 97, 1, 94, 14, 13]

Best cromosome [12, 69, 2, 98, 25, 68, 71, 2, 13, 4, 72, 99, 3, 92, 8, 90, 6, 1]

Best cromosome [13, 39, 9, 60, 77, 7, 72, 5, 2, 37, 66, 98, 8, 98, 5, 97, 5, 4]

MAE mean:     0.692949323261

MZE mean:     0.537236386528

Best cromosome [31, 78, 63, 1, 12, 11, 94, 2, 23, 14, 55, 64, 15, 6, 30, 78, 17, 53]

Best cromosome [51, 99, 86, 11, 2, 13, 74, 8, 22, 40, 84, 39, 11, 4, 50, 49, 7, 34]

Best cromosome [57, 100, 79, 0, 30, 10, 96, 1, 36, 14, 80, 80, 15, 10, 51, 89, 4, 30]

Best cromosome [44, 99, 89, 4, 2, 25, 11, 1, 10, 0, 63, 17, 29, 0, 2, 88, 9, 1]

Best cromosome [3, 82, 55, 10, 6, 0, 89, 4, 62, 32, 82, 63, 1, 9, 65, 97, 9, 61]

Best cromosome [25, 100, 60, 0, 32, 2, 83, 3, 65, 29, 100, 75, 0, 6, 48, 88, 15, 61]

Best cromosome [51, 100, 97, 3, 5, 9, 29, 4, 6, 12, 78, 14, 4, 16, 7, 86, 13, 24]

Best cromosome [25, 90, 43, 1, 33, 8, 88, 9, 39, 2, 90, 42, 26, 8, 61, 77, 9, 40]

Best cromosome [15, 91, 59, 13, 6, 10, 99, 0, 62, 27, 70, 66, 10, 4, 59, 92, 12, 51]

Best cromosome [22, 89, 74, 23, 15, 2, 92, 17, 9, 16, 92, 14, 51, 9, 89, 97, 7, 38]

MAE mean:     0.681177211206

MZE mean:     0.519043122443

Best cromosome [0, 100, 4, 19, 48, 97, 10, 4, 44, 55, 64, 58, 29, 24, 6, 98, 61, 21]

Best cromosome [15, 97, 17, 13, 68, 100, 24, 3, 22, 84, 71, 20, 9, 61, 46, 72, 30, 6]

Best cromosome [3, 91, 8, 15, 36, 80, 3, 4, 43, 77, 51, 76, 14, 22, 40, 99, 47, 39]

Best cromosome [50, 86, 19, 30, 53, 71, 18, 3, 37, 86, 90, 68, 21, 30, 18, 89, 50, 0]

Best cromosome [28, 97, 7, 16, 79, 76, 15, 2, 71, 79, 41, 78, 2, 22, 12, 96, 88, 47]

Best cromosome [16, 92, 24, 1, 0, 77, 2, 16, 22, 46, 28, 97, 0, 37, 27, 100, 76, 6]

Best cromosome [7, 94, 28, 8, 5, 65, 2, 1, 18, 57, 53, 97, 1, 53, 14, 98, 70, 24]

Best cromosome [16, 97, 7, 19, 30, 72, 14, 1, 22, 69, 48, 73, 7, 26, 10, 89, 66, 37]

Best cromosome [27, 95, 3, 34, 57, 99, 8, 0, 28, 64, 84, 34, 10, 53, 18, 90, 72, 3]

Best cromosome [7, 94, 3, 20, 66, 76, 7, 8, 42, 76, 52, 78, 0, 6, 14, 97, 52, 65]

MAE mean:     0.689581366069

MZE mean:     0.53452943028

