Best cromosome [56, 91, 75, 4, 53, 4, 15, 16, 82, 0, 1, 56, 56, 99, 56, 54, 98, 66]

Best cromosome [59, 97, 32, 18, 76, 12, 18, 82, 74, 4, 8, 68, 71, 69, 23, 95, 61, 98]

Best cromosome [92, 88, 76, 3, 19, 1, 12, 33, 75, 23, 1, 83, 96, 74, 65, 82, 100, 96]

Best cromosome [33, 97, 65, 4, 20, 5, 1, 19, 66, 9, 17, 15, 99, 56, 64, 88, 79, 100]

Best cromosome [7, 89, 59, 55, 44, 10, 27, 19, 84, 0, 7, 12, 11, 96, 12, 69, 99, 95]

Best cromosome [29, 82, 28, 37, 96, 2, 8, 42, 76, 4, 7, 22, 63, 62, 52, 59, 93, 87]

Best cromosome [68, 100, 85, 45, 24, 9, 29, 53, 90, 8, 3, 16, 64, 92, 50, 100, 68, 90]

Best cromosome [35, 94, 71, 13, 30, 5, 6, 56, 97, 18, 4, 71, 37, 88, 50, 92, 81, 92]

Best cromosome [54, 72, 12, 19, 68, 11, 26, 21, 83, 4, 2, 35, 77, 92, 36, 61, 69, 72]

Best cromosome [46, 81, 70, 23, 33, 9, 2, 17, 65, 5, 8, 22, 88, 90, 51, 98, 97, 92]

MAE mean:     0.4488

MZE mean:     0.4416

Best cromosome [80, 31, 62, 16, 98, 10, 16, 0, 36, 5, 72, 25, 6, 36, 38, 92, 96, 4]

Best cromosome [56, 4, 3, 54, 88, 2, 16, 8, 3, 5, 39, 10, 1, 32, 68, 20, 91, 2]

Best cromosome [100, 16, 37, 95, 95, 6, 3, 15, 21, 11, 35, 16, 12, 77, 100, 64, 85, 22]

Best cromosome [95, 100, 29, 29, 53, 1, 14, 28, 48, 14, 87, 6, 6, 100, 20, 83, 95, 3]

Best cromosome [80, 50, 26, 11, 82, 4, 9, 39, 27, 6, 81, 0, 4, 56, 76, 94, 76, 4]

Best cromosome [96, 44, 25, 25, 63, 2, 15, 3, 14, 3, 87, 11, 14, 17, 83, 99, 97, 10]

Best cromosome [89, 18, 43, 51, 90, 9, 23, 0, 9, 0, 0, 20, 31, 61, 96, 66, 88, 2]

Best cromosome [87, 9, 10, 45, 80, 8, 0, 15, 8, 9, 19, 9, 9, 66, 77, 48, 77, 4]

Best cromosome [93, 69, 83, 42, 88, 1, 1, 46, 20, 7, 58, 8, 9, 35, 81, 100, 77, 5]

Best cromosome [96, 77, 52, 9, 55, 6, 24, 5, 1, 4, 86, 1, 19, 48, 62, 98, 96, 21]

MAE mean:     0.4044

MZE mean:     0.3984

Best cromosome [23, 91, 34, 46, 25, 84, 78, 39, 95, 92, 78, 82, 28, 8, 77, 89, 98, 4]

Best cromosome [4, 67, 58, 19, 27, 71, 59, 68, 98, 34, 88, 17, 3, 2, 64, 91, 92, 3]

Best cromosome [18, 100, 42, 37, 48, 57, 19, 57, 91, 19, 31, 52, 10, 7, 23, 90, 92, 8]

Best cromosome [48, 41, 7, 71, 27, 36, 53, 70, 93, 11, 9, 8, 14, 0, 49, 67, 71, 15]

Best cromosome [25, 94, 80, 25, 9, 62, 68, 61, 56, 55, 87, 33, 1, 13, 65, 90, 90, 13]

Best cromosome [20, 80, 82, 48, 7, 71, 100, 71, 46, 29, 65, 59, 11, 0, 93, 99, 93, 10]

Best cromosome [65, 71, 95, 64, 47, 93, 29, 76, 57, 41, 78, 4, 21, 3, 27, 96, 74, 4]

Best cromosome [2, 63, 68, 48, 34, 8, 76, 29, 92, 78, 75, 34, 66, 9, 60, 49, 92, 14]

Best cromosome [22, 95, 56, 3, 80, 56, 63, 82, 85, 65, 34, 5, 15, 16, 85, 95, 78, 5]

Best cromosome [7, 75, 44, 51, 92, 69, 87, 59, 70, 50, 39, 83, 25, 8, 98, 99, 92, 0]

MAE mean:     0.4484

MZE mean:     0.4356

Best cromosome [55, 2, 99, 19, 0, 87, 15, 13, 74, 65, 77, 7, 16, 58, 18, 64, 63, 49]

Best cromosome [50, 8, 96, 11, 1, 55, 3, 38, 68, 74, 99, 25, 13, 79, 18, 86, 69, 80]

Best cromosome [61, 3, 78, 26, 20, 64, 13, 5, 42, 89, 81, 19, 74, 69, 42, 80, 77, 48]

Best cromosome [46, 16, 99, 0, 13, 85, 0, 3, 82, 19, 34, 6, 21, 79, 37, 80, 93, 47]

Best cromosome [24, 5, 85, 16, 5, 10, 2, 3, 53, 80, 70, 33, 10, 65, 1, 88, 75, 64]

Best cromosome [71, 20, 99, 5, 11, 60, 15, 31, 34, 67, 81, 38, 81, 42, 36, 100, 68, 14]

Best cromosome [37, 1, 100, 12, 0, 53, 14, 21, 51, 33, 90, 27, 37, 74, 27, 89, 43, 18]

Best cromosome [10, 2, 90, 25, 3, 78, 8, 7, 64, 29, 77, 22, 40, 87, 3, 95, 56, 63]

Best cromosome [66, 5, 90, 55, 15, 54, 10, 51, 62, 74, 84, 29, 53, 63, 13, 95, 99, 66]

Best cromosome [22, 4, 98, 32, 0, 66, 10, 42, 85, 73, 69, 10, 15, 66, 13, 92, 79, 91]

MAE mean:     0.4212

MZE mean:     0.4132

Best cromosome [94, 6, 99, 8, 10, 92, 22, 63, 26, 100, 69, 2, 35, 5, 60, 42, 90, 85]

Best cromosome [71, 0, 65, 11, 0, 41, 3, 84, 27, 92, 25, 10, 81, 5, 60, 57, 68, 34]

Best cromosome [92, 4, 76, 14, 7, 63, 4, 34, 37, 96, 98, 3, 52, 0, 30, 51, 61, 50]

Best cromosome [74, 22, 96, 1, 18, 86, 19, 41, 22, 99, 91, 15, 47, 0, 18, 68, 89, 51]

Best cromosome [68, 5, 98, 10, 5, 95, 3, 41, 59, 86, 93, 8, 41, 3, 20, 75, 88, 39]

Best cromosome [47, 9, 86, 6, 22, 0, 5, 35, 7, 10, 1, 30, 47, 3, 0, 51, 34, 87]

Best cromosome [51, 0, 99, 0, 0, 80, 2, 50, 89, 78, 91, 14, 15, 6, 37, 85, 87, 81]

Best cromosome [75, 2, 94, 1, 20, 78, 14, 95, 11, 54, 44, 22, 67, 6, 60, 46, 88, 95]

Best cromosome [93, 14, 99, 1, 25, 83, 7, 38, 67, 75, 94, 14, 90, 1, 25, 96, 92, 77]

Best cromosome [45, 10, 97, 9, 13, 64, 24, 86, 84, 13, 84, 21, 81, 5, 2, 71, 47, 100]

MAE mean:     0.4056

MZE mean:     0.3928

