Best cromosome [59, 7, 12, 78, 25, 4, 21, 56, 22, 12, 35, 60, 26, 6, 90, 69, 67, 25]

Best cromosome [70, 4, 0, 92, 53, 2, 34, 98, 4, 0, 21, 55, 0, 24, 40, 100, 86, 29]

Best cromosome [54, 0, 0, 31, 78, 18, 60, 96, 5, 20, 23, 72, 10, 0, 77, 99, 50, 17]

Best cromosome [67, 5, 7, 81, 36, 5, 47, 97, 9, 9, 6, 60, 19, 0, 66, 99, 60, 4]

Best cromosome [48, 7, 7, 39, 66, 19, 2, 86, 4, 10, 0, 71, 3, 5, 45, 98, 44, 39]

Best cromosome [88, 3, 2, 62, 64, 8, 46, 96, 0, 4, 10, 69, 6, 7, 35, 93, 53, 25]

Best cromosome [54, 2, 5, 29, 65, 2, 38, 100, 8, 0, 0, 70, 25, 17, 28, 72, 82, 0]

Best cromosome [94, 16, 38, 96, 54, 8, 69, 84, 2, 14, 21, 84, 3, 0, 97, 98, 53, 31]

Best cromosome [97, 1, 3, 76, 41, 1, 74, 96, 5, 18, 11, 87, 5, 3, 98, 99, 99, 3]

Best cromosome [77, 6, 3, 62, 58, 0, 43, 77, 2, 2, 4, 62, 6, 4, 58, 99, 60, 19]

MAE mean:     0.744685744615

MZE mean:     0.547052058915

Best cromosome [74, 65, 2, 91, 22, 32, 55, 92, 84, 20, 77, 87, 81, 19, 19, 31, 3, 28]

Best cromosome [56, 55, 0, 99, 5, 42, 59, 90, 75, 13, 25, 75, 95, 31, 55, 70, 22, 13]

Best cromosome [71, 49, 19, 73, 2, 31, 34, 100, 69, 5, 24, 69, 95, 24, 62, 50, 33, 25]

Best cromosome [50, 73, 1, 82, 4, 35, 47, 89, 87, 27, 66, 82, 89, 22, 49, 32, 25, 51]

Best cromosome [83, 33, 2, 97, 12, 41, 74, 91, 62, 18, 28, 56, 90, 30, 58, 22, 28, 11]

Best cromosome [79, 57, 4, 59, 0, 1, 33, 96, 57, 33, 10, 68, 95, 5, 56, 69, 22, 34]

Best cromosome [58, 39, 1, 92, 10, 57, 70, 100, 90, 3, 46, 64, 99, 12, 33, 33, 31, 30]

Best cromosome [68, 63, 10, 80, 9, 8, 48, 94, 72, 41, 42, 76, 96, 10, 58, 38, 11, 23]

Best cromosome [33, 15, 1, 61, 0, 31, 24, 85, 98, 14, 30, 48, 98, 16, 87, 90, 35, 53]

Best cromosome [48, 35, 3, 75, 0, 32, 54, 88, 60, 50, 30, 63, 92, 30, 36, 54, 17, 31]

MAE mean:     0.733606086072

MZE mean:     0.566464682206

Best cromosome [36, 19, 4, 50, 100, 25, 10, 17, 10, 22, 96, 0, 24, 46, 75, 74, 25, 25]

Best cromosome [61, 56, 1, 76, 90, 18, 21, 12, 49, 9, 95, 7, 19, 29, 89, 90, 39, 6]

Best cromosome [94, 99, 0, 25, 99, 11, 28, 49, 12, 8, 41, 9, 52, 0, 79, 82, 49, 15]

Best cromosome [49, 43, 9, 48, 98, 42, 0, 27, 9, 2, 99, 6, 14, 60, 93, 89, 18, 27]

Best cromosome [52, 83, 7, 80, 82, 11, 34, 13, 29, 20, 93, 12, 6, 30, 98, 98, 13, 5]

Best cromosome [91, 57, 1, 87, 98, 12, 18, 3, 0, 14, 59, 0, 7, 67, 96, 99, 64, 5]

Best cromosome [4, 48, 9, 18, 94, 11, 13, 20, 0, 4, 95, 5, 15, 58, 98, 76, 0, 5]

Best cromosome [99, 99, 10, 88, 97, 11, 20, 35, 24, 14, 98, 0, 3, 68, 97, 71, 37, 2]

Best cromosome [76, 49, 2, 73, 78, 8, 26, 2, 28, 4, 69, 3, 9, 53, 40, 60, 9, 17]

Best cromosome [50, 64, 2, 49, 91, 2, 7, 21, 4, 10, 96, 1, 10, 43, 100, 97, 14, 30]

MAE mean:     0.716904772436

MZE mean:     0.53462338007

Best cromosome [7, 55, 58, 10, 100, 2, 75, 64, 40, 17, 65, 43, 42, 6, 14, 93, 5, 35]

Best cromosome [26, 43, 99, 11, 97, 2, 98, 65, 43, 28, 80, 36, 83, 12, 14, 84, 1, 23]

Best cromosome [7, 85, 57, 0, 95, 13, 99, 68, 61, 40, 82, 13, 78, 1, 18, 96, 5, 11]

Best cromosome [8, 78, 80, 7, 96, 36, 98, 80, 84, 34, 95, 12, 59, 6, 8, 52, 5, 19]

Best cromosome [2, 96, 79, 47, 64, 37, 47, 43, 27, 12, 21, 14, 11, 30, 9, 96, 13, 0]

Best cromosome [12, 38, 81, 48, 95, 8, 89, 79, 49, 2, 39, 49, 97, 11, 23, 93, 7, 34]

Best cromosome [3, 37, 91, 8, 90, 25, 94, 62, 59, 25, 74, 8, 25, 1, 28, 61, 4, 5]

Best cromosome [13, 58, 95, 28, 97, 11, 81, 35, 39, 16, 64, 23, 80, 10, 11, 98, 3, 4]

Best cromosome [42, 86, 87, 19, 98, 24, 93, 94, 83, 18, 65, 35, 85, 8, 7, 96, 2, 57]

Best cromosome [39, 89, 51, 9, 83, 11, 60, 54, 79, 9, 24, 16, 15, 37, 1, 99, 9, 21]

MAE mean:     0.700734220885

MZE mean:     0.559869963289

Best cromosome [6, 81, 8, 44, 96, 46, 13, 4, 92, 39, 51, 36, 17, 99, 85, 2, 11, 50]

Best cromosome [60, 88, 8, 67, 90, 0, 9, 4, 90, 81, 8, 40, 4, 96, 69, 4, 2, 59]

Best cromosome [61, 84, 12, 75, 98, 58, 6, 26, 83, 7, 5, 16, 6, 84, 50, 17, 2, 74]

Best cromosome [30, 99, 1, 56, 95, 36, 14, 3, 93, 46, 25, 31, 4, 96, 63, 2, 24, 25]

Best cromosome [70, 93, 7, 78, 94, 49, 1, 18, 84, 9, 5, 24, 10, 91, 55, 0, 8, 87]

Best cromosome [20, 81, 2, 54, 92, 46, 3, 28, 90, 17, 11, 46, 1, 100, 78, 17, 4, 61]

Best cromosome [44, 70, 15, 71, 92, 26, 48, 24, 89, 39, 55, 11, 3, 95, 80, 0, 11, 69]

Best cromosome [29, 100, 6, 60, 99, 51, 6, 11, 81, 45, 12, 43, 4, 91, 82, 8, 7, 50]

Best cromosome [45, 91, 5, 69, 76, 43, 2, 2, 81, 20, 10, 27, 1, 89, 51, 19, 34, 49]

Best cromosome [21, 98, 24, 47, 100, 76, 1, 20, 87, 10, 2, 32, 9, 85, 69, 26, 8, 16]

MAE mean:     0.688730151709

MZE mean:     0.528187889778

