Best cromosome [96, 74, 60, 45, 15, 84, 29, 8, 3, 72, 22, 35, 75, 81, 28, 31, 11, 27]

Best cromosome [69, 50, 21, 64, 88, 88, 21, 91, 15, 96, 0, 7, 13, 90, 51, 22, 15, 3]

Best cromosome [85, 33, 5, 68, 53, 47, 28, 77, 9, 96, 30, 13, 0, 53, 70, 3, 0, 15]

Best cromosome [75, 35, 30, 71, 84, 83, 21, 68, 8, 76, 9, 23, 16, 74, 8, 20, 1, 4]

Best cromosome [87, 96, 31, 59, 44, 11, 45, 9, 15, 99, 16, 8, 75, 95, 41, 71, 6, 4]

Best cromosome [71, 72, 31, 70, 95, 82, 25, 68, 15, 95, 1, 0, 8, 97, 39, 30, 23, 5]

Best cromosome [95, 65, 26, 28, 88, 94, 49, 83, 8, 90, 20, 7, 4, 81, 23, 33, 18, 11]

Best cromosome [87, 63, 47, 72, 60, 90, 58, 62, 16, 94, 21, 3, 4, 87, 43, 38, 16, 4]

Best cromosome [99, 34, 39, 90, 14, 80, 18, 77, 3, 93, 31, 18, 8, 90, 93, 20, 2, 42]

Best cromosome [97, 13, 54, 70, 43, 40, 26, 47, 12, 21, 35, 8, 4, 97, 79, 21, 4, 16]

MAE mean:     1.40739376075

MZE mean:     0.757013018914

Best cromosome [5, 3, 9, 86, 78, 92, 72, 8, 82, 68, 6, 72, 26, 78, 36, 96, 11, 14]

Best cromosome [2, 11, 32, 46, 53, 79, 99, 11, 94, 67, 11, 11, 30, 99, 19, 89, 23, 0]

Best cromosome [9, 18, 1, 66, 4, 91, 96, 3, 86, 80, 15, 73, 14, 94, 9, 80, 2, 24]

Best cromosome [8, 17, 42, 58, 16, 40, 91, 9, 69, 95, 6, 31, 3, 98, 12, 58, 7, 1]

Best cromosome [4, 1, 42, 10, 44, 12, 66, 30, 98, 39, 5, 41, 1, 94, 23, 82, 8, 1]

Best cromosome [3, 6, 37, 86, 90, 52, 91, 28, 97, 92, 1, 49, 8, 89, 88, 80, 2, 8]

Best cromosome [3, 0, 5, 72, 21, 59, 83, 3, 80, 99, 5, 43, 29, 99, 21, 89, 5, 5]

Best cromosome [8, 17, 21, 38, 3, 87, 99, 3, 81, 64, 29, 14, 22, 88, 7, 85, 15, 21]

Best cromosome [8, 5, 15, 57, 18, 75, 97, 9, 55, 28, 10, 24, 1, 86, 8, 90, 21, 0]

Best cromosome [4, 13, 1, 69, 19, 39, 94, 4, 31, 51, 9, 14, 11, 84, 11, 77, 10, 7]

MAE mean:     1.76898796365

MZE mean:     0.822905919921

Best cromosome [54, 30, 9, 2, 34, 4, 84, 89, 40, 22, 77, 64, 15, 32, 34, 22, 1, 27]

Best cromosome [97, 96, 8, 23, 85, 40, 57, 43, 10, 36, 39, 40, 6, 9, 19, 13, 78, 51]

Best cromosome [66, 73, 1, 1, 28, 8, 75, 62, 65, 37, 96, 93, 21, 21, 16, 49, 5, 30]

Best cromosome [55, 99, 3, 18, 3, 43, 45, 83, 96, 72, 74, 91, 51, 16, 6, 54, 41, 3]

Best cromosome [45, 96, 0, 11, 56, 0, 93, 69, 7, 91, 91, 84, 1, 5, 13, 40, 34, 18]

Best cromosome [58, 85, 9, 32, 96, 21, 70, 24, 49, 36, 52, 11, 50, 89, 14, 1, 55, 56]

Best cromosome [86, 91, 7, 30, 44, 33, 78, 96, 39, 1, 61, 67, 25, 16, 10, 0, 88, 69]

Best cromosome [100, 93, 12, 20, 30, 9, 49, 89, 45, 45, 64, 86, 30, 33, 52, 34, 63, 31]

Best cromosome [73, 88, 3, 75, 98, 30, 9, 19, 62, 65, 100, 5, 60, 66, 5, 1, 40, 18]

Best cromosome [98, 85, 5, 17, 51, 40, 56, 45, 16, 45, 35, 36, 9, 25, 18, 22, 81, 28]

MAE mean:     1.67912060919

MZE mean:     0.766371898796

Best cromosome [60, 58, 34, 79, 12, 75, 31, 71, 65, 44, 82, 68, 7, 70, 100, 91, 68, 9]

Best cromosome [66, 90, 90, 54, 19, 35, 4, 98, 75, 92, 85, 50, 6, 81, 97, 66, 69, 22]

Best cromosome [40, 73, 15, 65, 7, 26, 7, 91, 68, 83, 99, 47, 0, 89, 79, 96, 72, 38]

Best cromosome [33, 46, 74, 92, 5, 62, 45, 84, 92, 72, 96, 70, 1, 25, 93, 86, 75, 14]

Best cromosome [31, 70, 47, 63, 9, 79, 38, 89, 88, 84, 91, 69, 1, 81, 93, 98, 88, 27]

Best cromosome [55, 57, 2, 89, 13, 6, 12, 81, 92, 88, 71, 45, 20, 83, 52, 78, 59, 48]

Best cromosome [36, 33, 37, 53, 3, 32, 31, 100, 51, 91, 87, 80, 0, 63, 87, 61, 58, 13]

Best cromosome [48, 25, 39, 66, 32, 47, 28, 93, 58, 59, 93, 48, 21, 68, 52, 85, 57, 35]

Best cromosome [59, 47, 47, 36, 39, 47, 28, 94, 35, 31, 91, 65, 8, 48, 76, 85, 40, 4]

Best cromosome [44, 64, 29, 50, 15, 23, 21, 86, 63, 94, 72, 54, 3, 85, 87, 96, 84, 38]

MAE mean:     1.5993122083

MZE mean:     0.767428150332

Best cromosome [37, 66, 17, 46, 54, 77, 68, 12, 3, 40, 6, 100, 10, 71, 2, 41, 66, 30]

Best cromosome [60, 87, 16, 0, 71, 81, 90, 1, 36, 95, 56, 89, 4, 57, 5, 20, 69, 81]

Best cromosome [41, 76, 0, 25, 89, 70, 83, 5, 22, 67, 27, 89, 16, 89, 0, 22, 62, 82]

Best cromosome [42, 99, 10, 35, 67, 71, 72, 3, 11, 60, 8, 100, 17, 78, 20, 32, 95, 54]

Best cromosome [1, 52, 8, 36, 55, 52, 61, 20, 62, 56, 45, 100, 17, 100, 1, 17, 30, 76]

Best cromosome [46, 58, 1, 1, 67, 84, 64, 8, 50, 59, 4, 87, 5, 99, 2, 10, 45, 91]

Best cromosome [44, 50, 21, 0, 55, 32, 88, 1, 19, 70, 25, 80, 4, 58, 4, 42, 44, 19]

Best cromosome [40, 36, 5, 33, 73, 52, 86, 3, 47, 69, 5, 99, 8, 92, 2, 38, 58, 90]

Best cromosome [97, 63, 20, 23, 56, 70, 98, 5, 16, 59, 10, 98, 5, 69, 3, 8, 99, 49]

Best cromosome [73, 54, 9, 19, 48, 47, 81, 15, 1, 73, 14, 89, 8, 49, 0, 26, 37, 73]

MAE mean:     1.54565217391

MZE mean:     0.785838860231

