Best cromosome [27, 92, 25, 59, 94, 94, 8, 93, 9, 58, 16, 73, 22, 50, 36, 61, 22, 15]

Best cromosome [4, 84, 42, 83, 92, 79, 20, 93, 9, 92, 66, 73, 5, 39, 25, 84, 43, 10]

Best cromosome [3, 87, 64, 75, 100, 1, 3, 94, 0, 97, 35, 24, 76, 0, 35, 25, 10, 7]

Best cromosome [2, 85, 60, 83, 97, 91, 0, 97, 29, 28, 76, 76, 92, 12, 10, 20, 25, 18]

Best cromosome [7, 92, 60, 81, 85, 37, 4, 87, 19, 56, 48, 75, 60, 1, 1, 11, 31, 1]

Best cromosome [3, 57, 67, 64, 82, 16, 4, 92, 24, 57, 68, 60, 71, 1, 5, 11, 11, 4]

Best cromosome [10, 65, 41, 89, 99, 6, 3, 96, 7, 63, 23, 49, 51, 16, 1, 17, 41, 4]

Best cromosome [0, 58, 77, 62, 86, 12, 14, 100, 10, 65, 72, 73, 71, 10, 4, 4, 15, 2]

Best cromosome [15, 95, 62, 81, 96, 97, 9, 93, 22, 51, 43, 74, 72, 6, 18, 10, 7, 10]

Best cromosome [6, 76, 13, 77, 86, 74, 5, 99, 2, 69, 25, 34, 42, 9, 1, 90, 10, 7]

MAE mean:     0.140571428571

MZE mean:     0.140571428571

Best cromosome [17, 69, 58, 86, 99, 81, 49, 28, 81, 16, 40, 100, 4, 9, 32, 70, 17, 1]

Best cromosome [0, 24, 100, 59, 86, 26, 60, 46, 31, 61, 11, 98, 6, 3, 49, 21, 5, 8]

Best cromosome [1, 34, 55, 97, 97, 33, 82, 49, 3, 11, 11, 86, 0, 4, 5, 24, 10, 17]

Best cromosome [4, 71, 65, 94, 94, 81, 88, 5, 63, 65, 7, 99, 3, 25, 43, 28, 4, 1]

Best cromosome [4, 23, 95, 81, 87, 21, 61, 29, 27, 16, 10, 87, 1, 5, 30, 30, 6, 2]

Best cromosome [8, 57, 64, 86, 95, 25, 14, 2, 86, 43, 31, 90, 7, 24, 51, 28, 16, 0]

Best cromosome [6, 65, 87, 85, 97, 55, 39, 6, 76, 39, 4, 93, 5, 11, 35, 63, 0, 9]

Best cromosome [7, 37, 81, 96, 98, 72, 92, 16, 10, 72, 51, 98, 17, 18, 80, 13, 17, 17]

Best cromosome [12, 40, 84, 94, 95, 76, 33, 65, 55, 86, 55, 98, 42, 6, 95, 30, 2, 3]

Best cromosome [3, 14, 87, 100, 81, 19, 78, 66, 37, 64, 5, 96, 9, 8, 18, 24, 0, 13]

MAE mean:     0.131428571429

MZE mean:     0.131428571429

Best cromosome [38, 16, 84, 81, 99, 35, 100, 76, 43, 34, 37, 1, 16, 99, 2, 15, 27, 9]

Best cromosome [14, 8, 99, 94, 99, 34, 90, 89, 31, 42, 63, 10, 11, 96, 5, 2, 28, 13]

Best cromosome [27, 8, 84, 61, 88, 9, 63, 76, 68, 43, 23, 3, 15, 88, 4, 9, 57, 5]

Best cromosome [50, 21, 88, 83, 88, 60, 89, 74, 51, 29, 21, 19, 7, 97, 3, 8, 75, 0]

Best cromosome [44, 5, 81, 41, 97, 49, 83, 29, 11, 31, 42, 37, 37, 88, 12, 6, 63, 0]

Best cromosome [7, 6, 99, 65, 95, 27, 88, 77, 31, 39, 68, 11, 13, 94, 5, 4, 11, 3]

Best cromosome [23, 0, 83, 96, 66, 20, 100, 85, 51, 56, 55, 7, 19, 97, 0, 12, 31, 4]

Best cromosome [23, 9, 77, 60, 94, 8, 81, 39, 15, 34, 18, 4, 9, 87, 2, 4, 48, 7]

Best cromosome [10, 7, 98, 72, 96, 7, 86, 90, 40, 69, 53, 21, 26, 97, 0, 3, 34, 1]

Best cromosome [7, 29, 87, 33, 87, 4, 76, 88, 1, 35, 83, 34, 19, 84, 14, 5, 10, 21]

MAE mean:     0.116

MZE mean:     0.116

Best cromosome [13, 19, 95, 68, 95, 3, 3, 9, 43, 5, 93, 91, 2, 56, 93, 69, 0, 4]

Best cromosome [7, 42, 55, 67, 94, 39, 1, 4, 85, 77, 39, 60, 84, 22, 95, 90, 17, 3]

Best cromosome [44, 14, 78, 66, 46, 48, 3, 9, 42, 80, 42, 93, 36, 10, 99, 56, 52, 17]

Best cromosome [23, 28, 80, 92, 98, 34, 5, 9, 73, 5, 54, 70, 37, 37, 63, 77, 15, 7]

Best cromosome [10, 9, 54, 33, 55, 82, 3, 3, 18, 77, 10, 88, 89, 34, 97, 71, 31, 15]

Best cromosome [13, 29, 67, 30, 7, 50, 5, 2, 12, 29, 39, 95, 25, 57, 95, 72, 58, 34]

Best cromosome [4, 0, 74, 77, 32, 33, 3, 2, 19, 19, 54, 90, 1, 22, 60, 62, 0, 3]

Best cromosome [12, 1, 38, 60, 21, 37, 1, 4, 10, 78, 96, 75, 47, 27, 100, 60, 53, 55]

Best cromosome [4, 14, 5, 45, 22, 56, 6, 9, 20, 16, 23, 86, 61, 11, 99, 7, 4, 98]

Best cromosome [3, 0, 3, 6, 30, 21, 1, 7, 16, 46, 14, 95, 59, 8, 98, 16, 16, 64]

MAE mean:     0.103142857143

MZE mean:     0.103142857143

Best cromosome [13, 77, 0, 73, 57, 9, 10, 92, 57, 1, 100, 26, 42, 1, 2, 2, 74, 23]

Best cromosome [19, 87, 24, 63, 73, 0, 19, 8, 79, 5, 87, 74, 67, 3, 2, 20, 89, 32]

Best cromosome [14, 88, 9, 67, 95, 14, 72, 35, 47, 3, 85, 51, 38, 0, 10, 11, 81, 49]

Best cromosome [14, 84, 18, 57, 63, 6, 14, 95, 44, 35, 100, 36, 35, 8, 0, 22, 52, 36]

Best cromosome [24, 92, 21, 88, 22, 33, 25, 6, 7, 14, 96, 24, 95, 2, 13, 12, 84, 24]

Best cromosome [34, 68, 1, 78, 55, 24, 22, 31, 34, 6, 98, 17, 23, 12, 12, 15, 92, 1]

Best cromosome [2, 93, 35, 26, 76, 23, 1, 66, 0, 41, 91, 7, 59, 20, 1, 1, 16, 77]

Best cromosome [2, 96, 44, 19, 96, 25, 2, 15, 95, 1, 89, 44, 3, 11, 10, 38, 99, 14]

Best cromosome [28, 84, 7, 34, 70, 16, 9, 69, 28, 42, 99, 51, 1, 36, 4, 3, 88, 56]

Best cromosome [4, 98, 5, 71, 48, 10, 14, 88, 1, 6, 83, 31, 50, 7, 0, 2, 92, 64]

MAE mean:     0.119142857143

MZE mean:     0.119142857143

