Best cromosome [11, 29, 7, 15, 18, 46, 81, 4, 19, 65, 82, 69, 100, 16, 39, 36, 6, 21]

Best cromosome [20, 29, 9, 13, 2, 26, 99, 19, 62, 36, 80, 62, 95, 20, 41, 13, 44, 26]

Best cromosome [17, 46, 16, 16, 21, 80, 97, 1, 31, 44, 94, 51, 100, 9, 59, 37, 13, 12]

Best cromosome [7, 35, 24, 4, 5, 43, 93, 23, 67, 42, 97, 80, 98, 25, 18, 31, 6, 46]

Best cromosome [48, 21, 26, 10, 24, 82, 83, 2, 14, 9, 78, 71, 97, 37, 17, 20, 9, 24]

Best cromosome [0, 48, 31, 5, 25, 83, 72, 1, 40, 86, 94, 85, 99, 27, 64, 84, 2, 2]

Best cromosome [10, 20, 9, 15, 4, 62, 87, 0, 20, 67, 82, 79, 97, 20, 66, 50, 4, 21]

Best cromosome [1, 2, 14, 1, 0, 94, 99, 84, 67, 51, 86, 17, 100, 53, 92, 29, 8, 4]

Best cromosome [16, 40, 23, 1, 8, 66, 97, 3, 53, 27, 49, 83, 85, 5, 23, 26, 12, 25]

Best cromosome [35, 24, 1, 10, 16, 59, 96, 0, 30, 10, 54, 66, 99, 14, 63, 57, 13, 56]

MAE mean:     0.778355295266

MZE mean:     0.586017569546

Best cromosome [2, 20, 73, 14, 7, 62, 21, 37, 24, 81, 71, 1, 24, 34, 0, 100, 3, 43]

Best cromosome [6, 32, 18, 52, 25, 62, 13, 24, 1, 42, 91, 10, 7, 10, 44, 100, 17, 91]

Best cromosome [8, 4, 69, 7, 15, 10, 15, 85, 68, 14, 14, 77, 54, 0, 4, 89, 47, 66]

Best cromosome [8, 33, 46, 10, 53, 33, 1, 17, 44, 9, 10, 69, 82, 13, 7, 100, 80, 6]

Best cromosome [7, 5, 81, 15, 23, 38, 11, 47, 16, 52, 18, 33, 21, 5, 20, 100, 21, 60]

Best cromosome [7, 28, 43, 5, 35, 69, 2, 20, 24, 0, 8, 8, 0, 10, 38, 99, 9, 60]

Best cromosome [3, 31, 53, 32, 11, 12, 13, 12, 21, 61, 35, 7, 20, 24, 14, 98, 22, 58]

Best cromosome [6, 20, 8, 33, 40, 7, 4, 56, 31, 20, 19, 95, 57, 10, 17, 97, 48, 68]

Best cromosome [1, 20, 52, 3, 10, 1, 2, 53, 10, 2, 5, 13, 1, 0, 21, 99, 2, 92]

Best cromosome [4, 31, 60, 1, 30, 11, 17, 7, 2, 24, 13, 42, 4, 17, 10, 97, 18, 62]

MAE mean:     0.735344070278

MZE mean:     0.54233284529

Best cromosome [5, 64, 0, 14, 22, 42, 67, 16, 30, 9, 83, 3, 8, 0, 91, 89, 89, 30]

Best cromosome [27, 56, 0, 11, 3, 13, 47, 65, 76, 45, 83, 0, 6, 9, 93, 97, 89, 87]

Best cromosome [3, 51, 0, 9, 2, 21, 72, 85, 75, 56, 98, 12, 10, 1, 59, 97, 90, 56]

Best cromosome [33, 38, 15, 7, 16, 36, 37, 71, 66, 91, 92, 8, 5, 2, 85, 76, 100, 21]

Best cromosome [36, 40, 1, 14, 4, 60, 69, 53, 100, 75, 95, 2, 2, 0, 91, 98, 90, 11]

Best cromosome [3, 77, 2, 36, 24, 12, 56, 15, 1, 11, 84, 10, 7, 4, 96, 93, 98, 53]

Best cromosome [18, 43, 2, 12, 0, 76, 32, 80, 69, 45, 91, 7, 1, 4, 75, 86, 83, 27]

Best cromosome [2, 35, 5, 24, 60, 42, 38, 25, 11, 18, 87, 0, 11, 0, 84, 77, 95, 1]

Best cromosome [47, 10, 3, 11, 6, 23, 63, 90, 98, 59, 93, 5, 2, 6, 14, 92, 95, 5]

Best cromosome [7, 66, 2, 1, 43, 8, 73, 31, 30, 72, 97, 21, 8, 5, 90, 97, 96, 16]

MAE mean:     0.674529038555

MZE mean:     0.538950707662

Best cromosome [8, 100, 8, 16, 0, 11, 26, 89, 22, 81, 16, 9, 10, 2, 11, 70, 17, 22]

Best cromosome [46, 88, 40, 2, 3, 42, 48, 97, 1, 19, 71, 5, 13, 1, 19, 92, 46, 28]

Best cromosome [34, 38, 71, 48, 4, 47, 72, 99, 90, 47, 98, 0, 12, 0, 8, 100, 30, 13]

Best cromosome [74, 71, 95, 21, 3, 55, 88, 86, 32, 67, 86, 68, 24, 6, 36, 83, 60, 45]

Best cromosome [12, 73, 0, 43, 12, 28, 27, 98, 40, 79, 72, 8, 9, 5, 2, 97, 44, 52]

Best cromosome [67, 46, 93, 28, 5, 3, 83, 67, 46, 99, 72, 66, 11, 4, 58, 84, 49, 53]

Best cromosome [3, 95, 5, 13, 0, 6, 23, 62, 6, 10, 60, 6, 13, 7, 27, 99, 87, 73]

Best cromosome [8, 93, 84, 0, 5, 28, 66, 89, 12, 21, 99, 0, 57, 3, 9, 94, 37, 37]

Best cromosome [15, 100, 3, 23, 2, 9, 22, 97, 81, 6, 99, 14, 31, 3, 1, 83, 45, 2]

Best cromosome [4, 98, 2, 13, 8, 17, 7, 99, 51, 59, 73, 14, 5, 6, 13, 92, 52, 72]

MAE mean:     0.719868228404

MZE mean:     0.547867252318

Best cromosome [22, 77, 7, 33, 76, 17, 10, 52, 11, 22, 65, 31, 99, 64, 65, 100, 12, 43]

Best cromosome [2, 87, 17, 59, 79, 46, 4, 43, 16, 3, 67, 0, 86, 61, 63, 94, 26, 100]

Best cromosome [17, 87, 44, 55, 83, 1, 14, 49, 23, 47, 70, 13, 73, 79, 72, 85, 13, 43]

Best cromosome [20, 92, 14, 60, 63, 24, 19, 68, 8, 2, 63, 20, 83, 74, 54, 77, 12, 49]

Best cromosome [7, 84, 30, 51, 91, 10, 9, 30, 18, 29, 68, 2, 98, 56, 69, 81, 31, 68]

Best cromosome [23, 79, 9, 38, 77, 25, 13, 36, 0, 7, 65, 15, 94, 83, 38, 91, 13, 80]

Best cromosome [18, 95, 6, 39, 94, 6, 10, 46, 7, 15, 63, 23, 97, 63, 61, 77, 26, 47]

Best cromosome [11, 100, 23, 44, 78, 17, 11, 57, 18, 11, 64, 17, 98, 73, 80, 88, 17, 48]

Best cromosome [8, 98, 38, 50, 95, 22, 2, 77, 40, 8, 81, 32, 95, 61, 29, 100, 5, 37]

Best cromosome [21, 100, 29, 68, 95, 5, 5, 48, 16, 34, 49, 11, 89, 60, 81, 96, 23, 51]

MAE mean:     0.688384577843

MZE mean:     0.543543191801

