Best cromosome [28, 92, 4, 47, 73, 64, 44, 27, 10, 79, 62, 21, 91, 8, 10, 99, 32, 11]

Best cromosome [26, 96, 0, 83, 94, 41, 59, 11, 13, 53, 68, 23, 86, 1, 45, 97, 39, 3]

Best cromosome [34, 98, 3, 56, 92, 47, 54, 12, 14, 61, 85, 36, 50, 0, 23, 88, 10, 7]

Best cromosome [45, 95, 3, 95, 97, 10, 80, 7, 20, 78, 69, 17, 100, 4, 77, 89, 30, 16]

Best cromosome [16, 96, 5, 56, 91, 42, 38, 13, 18, 45, 75, 23, 98, 6, 69, 98, 36, 9]

Best cromosome [46, 100, 9, 61, 86, 32, 38, 24, 0, 74, 84, 39, 32, 0, 22, 79, 11, 4]

Best cromosome [59, 100, 25, 79, 88, 20, 50, 34, 8, 83, 66, 66, 61, 6, 31, 84, 9, 13]

Best cromosome [7, 99, 3, 82, 97, 67, 65, 16, 11, 48, 71, 41, 83, 24, 21, 77, 62, 6]

Best cromosome [16, 97, 2, 62, 80, 66, 38, 4, 18, 43, 65, 15, 88, 3, 39, 100, 20, 5]

Best cromosome [22, 97, 2, 52, 75, 37, 39, 8, 2, 69, 61, 22, 83, 17, 35, 94, 37, 9]

MAE mean:     1.47148253069

MZE mean:     0.74198929808

Best cromosome [39, 48, 26, 25, 3, 71, 45, 27, 11, 3, 94, 64, 55, 78, 90, 85, 96, 28]

Best cromosome [11, 78, 40, 34, 18, 28, 9, 30, 11, 28, 100, 25, 38, 85, 92, 94, 100, 9]

Best cromosome [30, 89, 42, 20, 21, 27, 13, 23, 7, 17, 85, 88, 31, 5, 48, 96, 100, 6]

Best cromosome [10, 67, 29, 22, 4, 68, 49, 5, 4, 20, 99, 72, 57, 0, 88, 84, 90, 1]

Best cromosome [28, 92, 14, 25, 3, 11, 0, 20, 11, 60, 93, 96, 22, 19, 77, 63, 98, 8]

Best cromosome [25, 92, 64, 8, 5, 32, 75, 1, 29, 63, 94, 50, 28, 12, 86, 100, 96, 1]

Best cromosome [10, 48, 45, 10, 5, 46, 58, 21, 8, 39, 83, 60, 78, 63, 74, 94, 86, 11]

Best cromosome [40, 59, 2, 14, 21, 68, 38, 18, 28, 33, 90, 57, 24, 86, 79, 94, 97, 36]

Best cromosome [15, 49, 23, 7, 66, 23, 15, 38, 21, 45, 85, 60, 46, 57, 91, 100, 72, 25]

Best cromosome [46, 93, 62, 9, 17, 43, 33, 5, 33, 2, 96, 27, 24, 86, 73, 89, 99, 6]

MAE mean:     1.42555870318

MZE mean:     0.742492917847

Best cromosome [53, 95, 1, 4, 2, 20, 95, 4, 10, 5, 100, 21, 12, 0, 3, 67, 38, 15]

Best cromosome [20, 98, 0, 3, 12, 25, 4, 8, 6, 40, 12, 33, 6, 2, 85, 51, 19, 8]

Best cromosome [3, 99, 4, 3, 2, 3, 18, 12, 8, 16, 35, 5, 18, 11, 55, 48, 21, 14]

Best cromosome [68, 89, 0, 11, 3, 44, 81, 15, 0, 9, 96, 17, 3, 2, 9, 84, 5, 27]

Best cromosome [36, 92, 2, 1, 12, 18, 19, 20, 1, 37, 87, 8, 1, 5, 87, 96, 58, 37]

Best cromosome [2, 100, 17, 1, 3, 6, 2, 29, 1, 22, 64, 0, 1, 1, 40, 36, 9, 14]

Best cromosome [4, 95, 3, 1, 4, 59, 49, 16, 0, 24, 66, 9, 6, 6, 1, 100, 32, 34]

Best cromosome [4, 100, 20, 12, 6, 43, 10, 23, 9, 10, 11, 14, 7, 3, 9, 55, 35, 19]

Best cromosome [57, 95, 2, 10, 4, 7, 7, 2, 18, 14, 71, 12, 9, 3, 91, 83, 5, 5]

Best cromosome [4, 100, 6, 7, 9, 46, 33, 13, 19, 22, 58, 1, 19, 21, 72, 66, 21, 18]

MAE mean:     1.42933585143

MZE mean:     0.730059804847

Best cromosome [4, 3, 9, 68, 26, 7, 21, 14, 13, 19, 96, 3, 29, 27, 23, 99, 35, 15]

Best cromosome [29, 78, 3, 23, 60, 6, 4, 58, 2, 2, 86, 26, 0, 9, 13, 99, 46, 46]

Best cromosome [10, 78, 0, 4, 33, 1, 18, 12, 0, 28, 80, 0, 24, 0, 39, 95, 4, 2]

Best cromosome [10, 20, 3, 28, 15, 32, 29, 27, 43, 22, 86, 17, 7, 54, 8, 93, 36, 20]

Best cromosome [12, 53, 26, 15, 13, 0, 57, 18, 25, 12, 93, 9, 13, 23, 6, 100, 21, 5]

Best cromosome [17, 24, 16, 10, 7, 0, 41, 21, 0, 22, 86, 12, 21, 17, 19, 91, 19, 1]

Best cromosome [20, 75, 22, 8, 7, 15, 4, 20, 0, 5, 96, 14, 6, 6, 13, 99, 46, 2]

Best cromosome [30, 25, 14, 25, 21, 4, 43, 39, 0, 3, 98, 31, 7, 48, 7, 94, 8, 16]

Best cromosome [16, 21, 2, 35, 24, 22, 34, 9, 20, 11, 100, 29, 11, 23, 5, 100, 32, 13]

Best cromosome [24, 85, 6, 18, 8, 21, 36, 65, 2, 0, 85, 2, 7, 27, 20, 98, 37, 0]

MAE mean:     1.42124645892

MZE mean:     0.729682090022

Best cromosome [8, 55, 84, 16, 1, 11, 39, 14, 14, 21, 30, 26, 14, 0, 96, 63, 98, 7]

Best cromosome [78, 96, 95, 3, 2, 49, 37, 36, 22, 9, 80, 39, 37, 83, 79, 91, 89, 17]

Best cromosome [52, 97, 83, 7, 1, 15, 34, 27, 9, 40, 73, 47, 24, 92, 50, 89, 88, 4]

Best cromosome [22, 88, 93, 12, 3, 18, 14, 28, 2, 13, 35, 46, 40, 57, 61, 85, 89, 24]

Best cromosome [20, 97, 100, 3, 1, 10, 19, 39, 20, 18, 82, 34, 4, 56, 83, 80, 100, 93]

Best cromosome [34, 56, 99, 3, 14, 9, 12, 36, 4, 17, 62, 50, 91, 90, 86, 89, 91, 7]

Best cromosome [51, 67, 82, 20, 0, 8, 13, 1, 19, 6, 61, 67, 64, 82, 89, 91, 100, 23]

Best cromosome [69, 51, 100, 12, 1, 17, 28, 13, 11, 10, 35, 39, 28, 63, 72, 92, 96, 0]

Best cromosome [70, 68, 99, 1, 6, 14, 2, 45, 30, 15, 68, 59, 64, 75, 99, 98, 94, 12]

Best cromosome [43, 88, 99, 1, 8, 7, 11, 32, 16, 14, 82, 88, 83, 64, 100, 94, 99, 6]

MAE mean:     1.40856153604

MZE mean:     0.739943342776

