Best cromosome [1, 33, 60, 12, 89, 16, 23, 71, 2, 6, 34, 14, 2, 39, 1, 100, 82, 18]

Best cromosome [3, 11, 0, 2, 86, 4, 1, 42, 17, 3, 33, 19, 0, 6, 13, 100, 51, 31]

Best cromosome [6, 49, 60, 25, 88, 0, 28, 42, 42, 40, 50, 48, 9, 38, 20, 80, 95, 21]

Best cromosome [2, 5, 74, 14, 91, 16, 14, 46, 34, 2, 44, 17, 1, 18, 4, 97, 93, 2]

Best cromosome [2, 37, 65, 9, 99, 10, 9, 72, 15, 16, 48, 12, 6, 37, 16, 98, 72, 12]

Best cromosome [2, 8, 73, 5, 91, 1, 9, 31, 52, 2, 70, 22, 14, 17, 1, 99, 77, 1]

Best cromosome [14, 21, 34, 4, 90, 7, 2, 64, 32, 6, 16, 41, 4, 30, 7, 99, 95, 0]

Best cromosome [0, 52, 44, 5, 99, 9, 18, 70, 0, 6, 45, 48, 10, 65, 7, 98, 83, 17]

Best cromosome [6, 49, 56, 8, 98, 10, 22, 78, 16, 12, 44, 11, 7, 38, 1, 96, 80, 14]

Best cromosome [0, 15, 56, 33, 100, 5, 18, 40, 5, 2, 72, 1, 1, 6, 26, 97, 94, 4]

MAE mean:     0.336413043478

MZE mean:     0.322282608696

Best cromosome [1, 81, 24, 1, 89, 9, 7, 27, 38, 41, 56, 26, 45, 29, 22, 66, 96, 27]

Best cromosome [15, 19, 3, 0, 94, 6, 5, 45, 6, 17, 57, 70, 13, 61, 75, 14, 15, 15]

Best cromosome [5, 87, 35, 0, 98, 76, 2, 38, 86, 8, 99, 69, 69, 45, 22, 82, 71, 69]

Best cromosome [51, 47, 72, 20, 98, 29, 19, 76, 8, 40, 95, 94, 58, 8, 93, 18, 90, 12]

Best cromosome [24, 30, 42, 26, 89, 19, 19, 18, 42, 14, 49, 88, 24, 5, 90, 52, 57, 2]

Best cromosome [21, 37, 16, 8, 92, 29, 26, 12, 39, 59, 40, 88, 26, 0, 81, 32, 57, 3]

Best cromosome [1, 24, 53, 1, 78, 10, 18, 30, 18, 1, 68, 86, 2, 34, 80, 4, 45, 8]

Best cromosome [2, 30, 19, 0, 99, 23, 10, 25, 0, 14, 12, 84, 3, 37, 92, 38, 58, 7]

Best cromosome [9, 7, 35, 20, 97, 1, 3, 53, 33, 2, 39, 81, 11, 41, 52, 38, 25, 0]

Best cromosome [13, 24, 48, 8, 92, 17, 27, 39, 14, 32, 30, 62, 17, 90, 77, 80, 8, 16]

MAE mean:     0.391847826087

MZE mean:     0.361956521739

Best cromosome [22, 8, 63, 50, 9, 40, 12, 67, 96, 44, 75, 20, 58, 69, 6, 57, 83, 67]

Best cromosome [1, 3, 54, 3, 0, 56, 25, 53, 97, 55, 96, 40, 28, 82, 18, 92, 87, 69]

Best cromosome [0, 8, 68, 40, 13, 76, 12, 66, 96, 40, 99, 37, 47, 75, 9, 49, 95, 75]

Best cromosome [3, 16, 40, 6, 16, 50, 27, 56, 94, 44, 97, 4, 82, 32, 8, 67, 100, 77]

Best cromosome [11, 12, 52, 16, 5, 73, 34, 51, 98, 36, 96, 12, 60, 53, 1, 74, 89, 66]

Best cromosome [0, 3, 60, 8, 10, 58, 8, 56, 91, 46, 81, 31, 64, 74, 0, 67, 96, 93]

Best cromosome [7, 1, 23, 13, 6, 23, 6, 62, 96, 54, 76, 13, 5, 66, 17, 93, 68, 37]

Best cromosome [1, 9, 54, 47, 14, 73, 14, 62, 99, 28, 77, 17, 43, 79, 4, 69, 97, 60]

Best cromosome [7, 2, 69, 43, 17, 82, 15, 86, 82, 10, 90, 9, 48, 77, 8, 77, 93, 65]

Best cromosome [7, 13, 45, 33, 13, 52, 10, 80, 92, 49, 88, 27, 77, 82, 13, 75, 96, 48]

MAE mean:     0.320108695652

MZE mean:     0.298913043478

Best cromosome [60, 20, 0, 54, 19, 70, 12, 78, 69, 19, 70, 38, 50, 72, 6, 70, 99, 64]

Best cromosome [50, 10, 17, 55, 24, 12, 3, 100, 42, 84, 74, 10, 8, 90, 13, 64, 79, 34]

Best cromosome [85, 44, 36, 51, 25, 26, 25, 88, 93, 17, 5, 19, 12, 100, 22, 97, 95, 43]

Best cromosome [86, 18, 17, 20, 16, 47, 2, 83, 20, 72, 93, 4, 23, 92, 17, 56, 61, 44]

Best cromosome [68, 61, 4, 13, 29, 1, 3, 39, 87, 6, 5, 72, 10, 97, 12, 96, 91, 0]

Best cromosome [78, 60, 20, 45, 24, 2, 6, 35, 64, 27, 8, 35, 13, 98, 0, 77, 81, 1]

Best cromosome [80, 20, 18, 50, 24, 53, 22, 80, 62, 57, 68, 5, 17, 88, 31, 54, 79, 47]

Best cromosome [80, 7, 54, 49, 63, 74, 19, 99, 89, 31, 66, 18, 10, 94, 3, 30, 78, 10]

Best cromosome [82, 25, 32, 69, 18, 68, 12, 90, 64, 46, 84, 10, 36, 98, 25, 50, 98, 49]

Best cromosome [8, 46, 46, 1, 73, 7, 7, 10, 56, 13, 33, 8, 1, 96, 1, 94, 79, 38]

MAE mean:     0.38097826087

MZE mean:     0.354347826087

Best cromosome [18, 48, 24, 61, 38, 66, 21, 66, 50, 40, 100, 82, 16, 17, 65, 98, 14, 100]

Best cromosome [38, 36, 29, 100, 16, 13, 14, 80, 44, 62, 95, 60, 0, 40, 72, 84, 9, 98]

Best cromosome [38, 46, 35, 77, 29, 38, 47, 80, 60, 77, 100, 50, 13, 19, 93, 92, 5, 82]

Best cromosome [33, 57, 42, 96, 24, 75, 53, 46, 72, 61, 97, 56, 4, 9, 80, 84, 25, 84]

Best cromosome [48, 37, 12, 44, 27, 55, 25, 86, 39, 32, 95, 92, 6, 29, 88, 77, 13, 65]

Best cromosome [40, 22, 8, 64, 33, 7, 25, 61, 55, 81, 91, 77, 11, 8, 76, 93, 6, 92]

Best cromosome [53, 70, 20, 57, 23, 29, 16, 100, 51, 50, 100, 79, 4, 19, 98, 89, 33, 64]

Best cromosome [65, 67, 21, 75, 36, 61, 10, 93, 44, 36, 99, 99, 14, 29, 98, 98, 15, 94]

Best cromosome [37, 33, 7, 73, 18, 73, 53, 75, 53, 45, 95, 52, 5, 6, 80, 95, 19, 87]

Best cromosome [38, 41, 28, 74, 20, 45, 63, 65, 80, 81, 92, 74, 11, 20, 92, 98, 3, 85]

MAE mean:     0.365760869565

MZE mean:     0.351630434783

