Best cromosome [77, 84, 2, 95, 52, 75, 67, 14, 47, 25, 29, 72, 61, 11, 7, 4, 83, 4]

Best cromosome [78, 81, 7, 86, 71, 94, 87, 17, 53, 60, 26, 97, 77, 4, 2, 4, 86, 37]

Best cromosome [68, 75, 0, 99, 61, 52, 96, 38, 51, 68, 33, 84, 49, 17, 4, 4, 73, 15]

Best cromosome [82, 90, 3, 94, 31, 71, 92, 19, 24, 61, 29, 73, 54, 29, 7, 28, 77, 13]

Best cromosome [99, 62, 4, 98, 79, 90, 98, 8, 62, 61, 4, 72, 69, 16, 17, 10, 82, 48]

Best cromosome [54, 96, 11, 74, 52, 32, 90, 61, 20, 79, 7, 94, 64, 17, 2, 9, 75, 25]

Best cromosome [87, 69, 6, 96, 63, 48, 73, 29, 41, 98, 1, 89, 68, 15, 5, 4, 87, 37]

Best cromosome [73, 81, 20, 90, 56, 79, 90, 29, 54, 46, 9, 90, 60, 3, 8, 2, 83, 40]

Best cromosome [75, 66, 4, 82, 97, 78, 86, 22, 53, 44, 34, 77, 54, 0, 30, 12, 89, 25]

Best cromosome [63, 50, 7, 75, 48, 79, 93, 40, 68, 58, 56, 100, 47, 4, 14, 6, 81, 16]

MAE mean:     0.820338983051

MZE mean:     0.632203389831

Best cromosome [80, 38, 0, 95, 47, 79, 32, 2, 17, 75, 14, 4, 100, 43, 43, 72, 27, 19]

Best cromosome [97, 20, 7, 24, 31, 0, 9, 5, 2, 92, 6, 14, 60, 4, 58, 59, 22, 12]

Best cromosome [98, 0, 8, 100, 45, 94, 4, 40, 13, 80, 12, 18, 49, 1, 80, 43, 13, 6]

Best cromosome [100, 1, 12, 89, 27, 95, 17, 11, 10, 90, 7, 14, 31, 4, 98, 37, 18, 10]

Best cromosome [98, 3, 0, 54, 35, 82, 14, 1, 2, 55, 0, 71, 72, 3, 66, 62, 2, 0]

Best cromosome [97, 9, 9, 98, 46, 69, 14, 10, 15, 79, 31, 16, 73, 4, 52, 75, 8, 7]

Best cromosome [93, 37, 13, 55, 57, 30, 6, 0, 2, 61, 11, 20, 78, 11, 80, 100, 2, 3]

Best cromosome [87, 1, 7, 85, 97, 90, 2, 14, 20, 55, 72, 25, 96, 76, 69, 12, 61, 38]

Best cromosome [98, 14, 1, 67, 25, 90, 12, 39, 16, 75, 2, 14, 31, 6, 80, 39, 5, 2]

Best cromosome [85, 6, 3, 92, 38, 100, 7, 30, 9, 62, 37, 5, 69, 2, 89, 40, 5, 4]

MAE mean:     0.998305084746

MZE mean:     0.625423728814

Best cromosome [64, 84, 34, 91, 37, 67, 87, 97, 32, 63, 0, 15, 3, 8, 12, 70, 40, 2]

Best cromosome [6, 62, 2, 83, 21, 97, 57, 98, 26, 94, 7, 62, 14, 17, 55, 36, 10, 27]

Best cromosome [61, 43, 71, 60, 20, 85, 85, 99, 40, 67, 24, 21, 0, 11, 4, 44, 2, 8]

Best cromosome [46, 24, 68, 85, 1, 36, 50, 100, 2, 67, 21, 15, 17, 79, 2, 5, 1, 7]

Best cromosome [48, 74, 86, 95, 24, 41, 71, 98, 11, 78, 14, 0, 23, 40, 1, 16, 23, 0]

Best cromosome [85, 96, 91, 93, 18, 71, 85, 96, 1, 27, 59, 11, 3, 24, 2, 29, 14, 24]

Best cromosome [50, 52, 50, 82, 15, 43, 36, 100, 7, 91, 35, 22, 20, 32, 23, 19, 35, 8]

Best cromosome [73, 98, 43, 78, 7, 55, 77, 100, 24, 61, 52, 9, 44, 5, 8, 3, 58, 4]

Best cromosome [51, 61, 63, 87, 0, 30, 60, 96, 18, 82, 21, 28, 12, 35, 13, 17, 12, 0]

Best cromosome [51, 85, 6, 47, 2, 20, 97, 99, 45, 68, 67, 4, 37, 9, 13, 8, 8, 18]

MAE mean:     1.10169491525

MZE mean:     0.654237288136

Best cromosome [80, 46, 4, 89, 45, 77, 84, 80, 9, 79, 58, 72, 40, 25, 10, 98, 28, 5]

Best cromosome [63, 72, 0, 75, 46, 88, 57, 86, 17, 53, 57, 94, 58, 61, 25, 75, 22, 6]

Best cromosome [68, 58, 5, 64, 45, 85, 51, 73, 14, 93, 97, 81, 56, 72, 18, 99, 43, 13]

Best cromosome [32, 78, 1, 94, 59, 81, 61, 87, 34, 68, 64, 84, 83, 57, 2, 58, 26, 1]

Best cromosome [83, 74, 8, 82, 64, 89, 49, 100, 2, 73, 76, 86, 60, 43, 0, 98, 8, 8]

Best cromosome [83, 78, 3, 78, 55, 82, 66, 95, 11, 85, 63, 85, 42, 56, 21, 95, 30, 10]

Best cromosome [18, 77, 21, 99, 20, 31, 73, 80, 56, 99, 68, 78, 57, 66, 10, 61, 40, 15]

Best cromosome [19, 90, 10, 93, 30, 40, 90, 62, 40, 90, 51, 80, 53, 47, 1, 52, 0, 6]

Best cromosome [68, 61, 13, 61, 67, 80, 52, 94, 23, 84, 84, 87, 51, 53, 11, 96, 5, 1]

Best cromosome [40, 89, 6, 100, 58, 62, 76, 70, 62, 76, 59, 92, 72, 49, 18, 57, 22, 4]

MAE mean:     1.0

MZE mean:     0.633898305085

Best cromosome [8, 100, 7, 42, 52, 16, 29, 86, 8, 22, 65, 75, 8, 46, 100, 74, 49, 40]

Best cromosome [33, 88, 2, 24, 50, 29, 46, 65, 6, 28, 92, 50, 19, 70, 95, 87, 71, 99]

Best cromosome [30, 96, 5, 50, 42, 8, 13, 91, 2, 9, 49, 69, 30, 69, 94, 93, 42, 17]

Best cromosome [5, 90, 7, 33, 95, 18, 55, 70, 10, 7, 73, 50, 3, 99, 95, 63, 95, 78]

Best cromosome [31, 86, 36, 32, 47, 24, 53, 80, 25, 8, 80, 64, 7, 89, 97, 100, 92, 93]

Best cromosome [92, 40, 1, 20, 21, 4, 6, 62, 93, 52, 47, 54, 29, 58, 76, 98, 32, 70]

Best cromosome [2, 100, 5, 19, 84, 46, 55, 100, 19, 3, 74, 67, 40, 77, 94, 63, 41, 78]

Best cromosome [38, 69, 18, 30, 55, 24, 0, 62, 20, 48, 67, 62, 10, 89, 97, 74, 37, 30]

Best cromosome [25, 98, 15, 55, 74, 20, 4, 77, 10, 35, 63, 87, 28, 77, 75, 95, 25, 53]

Best cromosome [13, 90, 3, 15, 89, 70, 27, 69, 28, 34, 82, 86, 12, 81, 92, 85, 18, 83]

MAE mean:     1.02542372881

MZE mean:     0.632203389831

