Best cromosome [99, 85, 15, 7, 4, 57, 13, 72, 9, 92, 50, 64, 10, 0, 94, 64, 15, 15]

Best cromosome [95, 96, 15, 0, 39, 14, 24, 98, 3, 93, 30, 67, 14, 0, 93, 97, 7, 12]

Best cromosome [97, 66, 12, 48, 0, 66, 13, 98, 1, 72, 29, 57, 10, 32, 96, 100, 5, 8]

Best cromosome [91, 95, 0, 32, 1, 22, 0, 100, 1, 91, 3, 6, 1, 16, 90, 86, 18, 13]

Best cromosome [85, 90, 7, 13, 0, 34, 18, 83, 1, 72, 15, 21, 20, 23, 89, 96, 19, 4]

Best cromosome [96, 61, 21, 25, 2, 81, 38, 81, 1, 99, 30, 15, 3, 10, 96, 77, 2, 0]

Best cromosome [53, 95, 32, 12, 2, 81, 49, 88, 23, 91, 50, 33, 4, 54, 87, 98, 28, 15]

Best cromosome [84, 72, 12, 14, 14, 42, 2, 99, 0, 78, 33, 53, 2, 10, 94, 94, 16, 6]

Best cromosome [74, 95, 1, 13, 1, 37, 28, 92, 9, 50, 27, 79, 3, 50, 70, 57, 5, 14]

Best cromosome [92, 44, 5, 23, 0, 43, 56, 93, 1, 94, 67, 4, 12, 21, 96, 97, 8, 18]

MAE mean:     0.0891719745223

MZE mean:     0.0834394904459

Best cromosome [46, 92, 32, 42, 53, 1, 44, 93, 10, 9, 77, 96, 61, 12, 14, 74, 84, 23]

Best cromosome [45, 88, 17, 52, 72, 13, 26, 67, 2, 62, 57, 96, 67, 4, 6, 99, 86, 19]

Best cromosome [32, 97, 39, 66, 46, 8, 13, 79, 47, 34, 29, 89, 13, 7, 6, 96, 95, 38]

Best cromosome [94, 99, 1, 80, 45, 5, 11, 93, 33, 52, 63, 97, 100, 2, 10, 98, 93, 1]

Best cromosome [26, 96, 1, 53, 49, 17, 2, 66, 34, 17, 47, 92, 31, 3, 1, 100, 86, 20]

Best cromosome [54, 93, 24, 83, 29, 16, 15, 63, 0, 1, 10, 90, 48, 5, 1, 87, 80, 1]

Best cromosome [21, 91, 21, 75, 28, 7, 16, 81, 19, 3, 26, 97, 21, 4, 0, 89, 81, 2]

Best cromosome [62, 96, 29, 92, 23, 17, 1, 56, 25, 24, 33, 86, 45, 9, 4, 94, 66, 14]

Best cromosome [58, 100, 23, 10, 38, 7, 7, 84, 10, 26, 13, 100, 46, 3, 23, 35, 89, 15]

Best cromosome [76, 80, 6, 23, 41, 12, 11, 91, 16, 16, 33, 93, 60, 5, 14, 65, 93, 4]

MAE mean:     0.104458598726

MZE mean:     0.0980891719745

Best cromosome [92, 34, 4, 12, 12, 0, 23, 60, 10, 40, 55, 32, 61, 12, 11, 94, 10, 97]

Best cromosome [75, 59, 28, 11, 30, 88, 6, 24, 4, 8, 100, 27, 0, 29, 23, 97, 21, 87]

Best cromosome [78, 50, 79, 7, 0, 85, 0, 29, 0, 11, 94, 21, 53, 19, 6, 91, 8, 96]

Best cromosome [50, 24, 17, 1, 27, 18, 3, 93, 21, 46, 52, 19, 31, 0, 5, 77, 33, 86]

Best cromosome [85, 22, 52, 1, 0, 97, 8, 91, 2, 15, 91, 13, 19, 2, 1, 98, 20, 77]

Best cromosome [73, 29, 11, 1, 10, 4, 3, 96, 14, 20, 54, 0, 70, 16, 12, 72, 7, 90]

Best cromosome [93, 70, 59, 6, 2, 100, 1, 85, 3, 11, 97, 5, 43, 11, 1, 91, 22, 75]

Best cromosome [75, 7, 10, 1, 20, 15, 10, 77, 11, 38, 69, 13, 70, 1, 8, 66, 15, 94]

Best cromosome [96, 75, 3, 19, 6, 13, 2, 3, 28, 1, 92, 14, 1, 6, 0, 97, 6, 58]

Best cromosome [64, 29, 3, 1, 22, 0, 2, 99, 13, 4, 36, 1, 53, 5, 31, 75, 39, 98]

MAE mean:     0.138853503185

MZE mean:     0.120382165605

Best cromosome [33, 83, 0, 21, 26, 73, 28, 76, 17, 51, 66, 55, 0, 77, 2, 90, 72, 15]

Best cromosome [11, 80, 27, 59, 6, 28, 27, 46, 61, 100, 95, 39, 13, 29, 30, 97, 32, 6]

Best cromosome [44, 87, 29, 22, 22, 79, 21, 83, 55, 0, 68, 39, 21, 70, 4, 96, 80, 12]

Best cromosome [37, 92, 1, 35, 4, 91, 11, 86, 11, 42, 87, 68, 21, 51, 26, 91, 87, 0]

Best cromosome [59, 95, 55, 56, 15, 77, 40, 80, 29, 21, 79, 55, 21, 56, 6, 94, 84, 4]

Best cromosome [8, 68, 50, 59, 18, 70, 20, 78, 49, 27, 65, 7, 30, 26, 60, 100, 65, 21]

Best cromosome [59, 100, 27, 46, 34, 80, 4, 88, 47, 44, 74, 67, 9, 61, 1, 91, 87, 2]

Best cromosome [51, 82, 25, 21, 1, 99, 4, 89, 43, 67, 83, 56, 39, 72, 8, 94, 76, 4]

Best cromosome [60, 95, 0, 52, 10, 69, 63, 73, 55, 30, 93, 24, 10, 53, 8, 95, 88, 4]

Best cromosome [25, 96, 29, 32, 35, 98, 44, 86, 1, 36, 92, 31, 12, 96, 9, 92, 52, 20]

MAE mean:     0.147133757962

MZE mean:     0.112101910828

Best cromosome [2, 3, 2, 58, 37, 53, 13, 51, 1, 0, 100, 2, 10, 5, 17, 99, 74, 4]

Best cromosome [12, 16, 0, 2, 4, 92, 47, 63, 16, 45, 100, 7, 10, 10, 19, 97, 91, 97]

Best cromosome [35, 12, 1, 57, 27, 11, 13, 55, 0, 4, 89, 3, 14, 0, 6, 100, 44, 13]

Best cromosome [22, 27, 38, 81, 75, 28, 4, 100, 3, 20, 91, 6, 7, 3, 11, 97, 27, 57]

Best cromosome [3, 23, 40, 99, 66, 34, 9, 76, 4, 14, 96, 2, 1, 2, 0, 98, 41, 78]

Best cromosome [83, 14, 86, 70, 29, 83, 12, 67, 1, 2, 81, 28, 29, 0, 11, 93, 58, 21]

Best cromosome [68, 18, 31, 57, 11, 40, 15, 65, 0, 1, 96, 4, 2, 4, 1, 91, 49, 94]

Best cromosome [59, 30, 94, 92, 44, 70, 10, 10, 5, 13, 98, 29, 7, 0, 2, 75, 100, 58]

Best cromosome [90, 0, 56, 87, 45, 78, 7, 3, 1, 7, 99, 24, 16, 0, 32, 97, 97, 12]

Best cromosome [21, 4, 14, 65, 22, 62, 10, 35, 4, 5, 92, 2, 4, 6, 2, 94, 61, 38]

MAE mean:     0.0687898089172

MZE mean:     0.0624203821656

