Best cromosome [6, 81, 1, 89, 99, 17, 15, 2, 23, 44, 0, 100, 2, 34, 56, 8, 9, 7]

Best cromosome [26, 88, 0, 100, 97, 23, 34, 19, 42, 3, 0, 81, 1, 0, 32, 14, 18, 15]

Best cromosome [60, 58, 62, 100, 100, 14, 19, 10, 8, 33, 11, 75, 10, 10, 55, 56, 8, 13]

Best cromosome [46, 78, 50, 92, 60, 19, 2, 3, 4, 27, 15, 59, 7, 10, 56, 28, 5, 3]

Best cromosome [13, 85, 56, 92, 89, 17, 11, 16, 7, 8, 12, 92, 24, 4, 85, 94, 0, 4]

Best cromosome [35, 90, 60, 98, 85, 5, 20, 13, 2, 17, 16, 94, 12, 4, 52, 9, 19, 7]

Best cromosome [57, 100, 41, 82, 82, 35, 8, 12, 8, 6, 3, 100, 1, 20, 87, 19, 22, 1]

Best cromosome [7, 68, 29, 98, 97, 39, 37, 3, 2, 67, 11, 98, 0, 6, 49, 55, 26, 2]

Best cromosome [39, 91, 17, 87, 98, 7, 26, 2, 3, 68, 56, 66, 1, 8, 37, 77, 9, 25]

Best cromosome [24, 100, 77, 100, 100, 10, 19, 7, 4, 57, 6, 74, 13, 11, 52, 54, 10, 7]

MAE mean:     0.388

MZE mean:     0.3512

Best cromosome [3, 80, 20, 12, 100, 12, 22, 46, 7, 5, 52, 15, 64, 51, 45, 92, 85, 89]

Best cromosome [24, 25, 10, 43, 98, 14, 10, 43, 1, 5, 93, 39, 14, 89, 0, 99, 73, 98]

Best cromosome [15, 17, 15, 21, 88, 3, 26, 94, 12, 20, 99, 34, 10, 11, 20, 95, 73, 99]

Best cromosome [20, 78, 9, 29, 87, 9, 28, 81, 43, 2, 93, 24, 15, 53, 28, 93, 65, 78]

Best cromosome [21, 63, 4, 10, 97, 3, 35, 87, 25, 12, 85, 10, 23, 73, 6, 90, 82, 96]

Best cromosome [8, 27, 34, 10, 96, 3, 33, 42, 0, 22, 86, 40, 3, 71, 0, 88, 75, 93]

Best cromosome [10, 37, 30, 13, 90, 6, 11, 78, 29, 3, 99, 8, 25, 31, 11, 81, 57, 97]

Best cromosome [2, 50, 6, 19, 96, 25, 25, 62, 47, 18, 91, 9, 7, 37, 3, 69, 67, 89]

Best cromosome [12, 28, 6, 35, 67, 16, 10, 94, 21, 12, 90, 4, 1, 25, 15, 99, 79, 75]

Best cromosome [23, 15, 11, 52, 100, 4, 27, 88, 22, 16, 100, 4, 57, 30, 9, 94, 76, 100]

MAE mean:     0.4364

MZE mean:     0.3964

Best cromosome [3, 100, 21, 41, 10, 34, 16, 41, 13, 34, 78, 36, 16, 5, 10, 98, 25, 11]

Best cromosome [3, 97, 39, 2, 16, 37, 10, 23, 7, 51, 100, 14, 74, 38, 9, 83, 17, 45]

Best cromosome [3, 87, 55, 11, 1, 28, 0, 13, 0, 44, 49, 2, 21, 64, 4, 62, 6, 24]

Best cromosome [10, 92, 94, 7, 3, 22, 11, 27, 16, 54, 23, 14, 11, 79, 18, 84, 31, 1]

Best cromosome [13, 79, 36, 9, 30, 18, 3, 2, 8, 0, 96, 30, 50, 88, 12, 97, 58, 2]

Best cromosome [3, 92, 25, 74, 34, 80, 0, 85, 9, 32, 22, 17, 8, 18, 0, 100, 19, 11]

Best cromosome [10, 95, 30, 50, 19, 80, 21, 8, 0, 1, 83, 5, 15, 20, 27, 99, 28, 5]

Best cromosome [1, 81, 45, 8, 0, 38, 0, 10, 17, 51, 30, 0, 10, 89, 10, 75, 17, 2]

Best cromosome [5, 88, 68, 39, 15, 37, 8, 36, 1, 34, 59, 28, 1, 11, 59, 92, 6, 57]

Best cromosome [25, 98, 48, 6, 30, 2, 7, 20, 5, 82, 61, 22, 12, 21, 69, 92, 26, 16]

MAE mean:     0.382

MZE mean:     0.3584

Best cromosome [7, 12, 9, 100, 88, 1, 1, 0, 9, 5, 38, 87, 4, 37, 80, 33, 49, 25]

Best cromosome [3, 19, 0, 100, 79, 23, 5, 0, 10, 3, 20, 58, 7, 34, 70, 37, 18, 0]

Best cromosome [10, 17, 43, 97, 43, 13, 3, 1, 18, 0, 33, 83, 10, 70, 93, 53, 2, 21]

Best cromosome [6, 5, 7, 100, 67, 7, 19, 15, 6, 2, 37, 61, 4, 44, 86, 26, 4, 3]

Best cromosome [0, 12, 4, 100, 79, 1, 75, 8, 8, 9, 5, 92, 3, 42, 58, 46, 4, 29]

Best cromosome [3, 3, 4, 99, 72, 4, 91, 1, 28, 4, 8, 35, 3, 31, 52, 11, 5, 38]

Best cromosome [2, 71, 20, 95, 87, 5, 67, 3, 16, 1, 25, 91, 16, 72, 75, 20, 4, 3]

Best cromosome [9, 73, 4, 96, 86, 8, 3, 3, 53, 4, 12, 55, 2, 88, 78, 50, 0, 5]

Best cromosome [4, 1, 12, 97, 87, 29, 18, 4, 53, 3, 55, 100, 0, 43, 96, 95, 0, 12]

Best cromosome [2, 23, 26, 98, 49, 2, 52, 5, 11, 26, 1, 98, 8, 63, 89, 30, 11, 7]

MAE mean:     0.4288

MZE mean:     0.402

Best cromosome [54, 21, 6, 4, 2, 15, 15, 98, 98, 6, 30, 4, 29, 99, 34, 17, 72, 38]

Best cromosome [98, 0, 4, 28, 23, 0, 2, 90, 100, 7, 8, 96, 35, 31, 2, 26, 23, 97]

Best cromosome [95, 18, 1, 0, 22, 26, 2, 91, 90, 14, 65, 39, 62, 95, 26, 25, 84, 87]

Best cromosome [48, 4, 12, 4, 1, 32, 28, 95, 97, 30, 43, 94, 21, 100, 5, 91, 59, 79]

Best cromosome [40, 3, 3, 9, 0, 0, 36, 92, 91, 16, 65, 12, 83, 67, 16, 62, 18, 84]

Best cromosome [39, 15, 0, 2, 14, 5, 0, 79, 95, 0, 71, 16, 66, 97, 14, 2, 83, 58]

Best cromosome [52, 27, 10, 13, 8, 17, 6, 91, 97, 12, 13, 66, 25, 80, 23, 32, 73, 55]

Best cromosome [50, 9, 4, 1, 12, 15, 8, 94, 99, 9, 67, 63, 8, 69, 4, 5, 71, 73]

Best cromosome [6, 7, 0, 10, 18, 9, 21, 94, 97, 8, 37, 27, 25, 98, 8, 24, 80, 95]

Best cromosome [6, 10, 9, 6, 13, 1, 2, 66, 84, 4, 20, 7, 82, 20, 2, 48, 1, 95]

MAE mean:     0.4288

MZE mean:     0.4008

