Best cromosome [33, 55, 69, 16, 52, 15, 10, 69, 80, 1, 83, 70, 88, 2, 28, 5, 62, 68]

Best cromosome [5, 20, 72, 46, 73, 79, 23, 100, 25, 92, 56, 5, 95, 52, 7, 2, 11, 5]

Best cromosome [0, 53, 44, 68, 81, 73, 3, 91, 34, 70, 12, 16, 96, 24, 20, 9, 1, 19]

Best cromosome [5, 6, 74, 22, 15, 94, 3, 97, 83, 97, 46, 6, 94, 9, 3, 5, 17, 18]

Best cromosome [24, 38, 66, 9, 64, 51, 4, 92, 62, 93, 49, 8, 83, 2, 6, 22, 9, 2]

Best cromosome [22, 8, 93, 53, 95, 81, 17, 88, 69, 79, 64, 26, 94, 17, 14, 0, 34, 4]

Best cromosome [10, 73, 59, 39, 93, 67, 3, 95, 49, 100, 26, 26, 77, 12, 1, 4, 35, 8]

Best cromosome [8, 21, 78, 45, 97, 95, 1, 89, 15, 98, 71, 9, 100, 10, 25, 4, 5, 5]

Best cromosome [10, 67, 47, 52, 18, 14, 20, 96, 35, 73, 66, 46, 98, 3, 95, 8, 12, 11]

Best cromosome [26, 15, 78, 14, 56, 100, 7, 88, 42, 77, 97, 22, 92, 7, 52, 5, 4, 16]

MAE mean:     0.309615384615

MZE mean:     0.261538461538

Best cromosome [15, 20, 80, 85, 22, 17, 87, 15, 5, 40, 30, 100, 65, 23, 20, 14, 40, 21]

Best cromosome [26, 38, 68, 84, 18, 0, 98, 5, 72, 38, 17, 98, 86, 28, 6, 86, 65, 10]

Best cromosome [3, 49, 73, 99, 46, 48, 100, 2, 40, 69, 11, 89, 87, 19, 50, 19, 95, 15]

Best cromosome [35, 33, 74, 74, 61, 10, 92, 11, 34, 12, 20, 77, 84, 41, 41, 39, 56, 41]

Best cromosome [35, 50, 42, 84, 4, 20, 86, 35, 71, 5, 16, 71, 75, 5, 1, 45, 90, 2]

Best cromosome [18, 20, 62, 83, 53, 11, 87, 12, 22, 32, 11, 71, 54, 48, 18, 46, 66, 4]

Best cromosome [6, 63, 19, 82, 12, 39, 98, 27, 13, 25, 17, 99, 99, 54, 5, 88, 82, 4]

Best cromosome [19, 3, 78, 57, 47, 11, 94, 44, 57, 23, 18, 62, 94, 8, 4, 35, 58, 0]

Best cromosome [22, 61, 39, 96, 2, 28, 96, 19, 43, 70, 21, 98, 57, 13, 11, 1, 50, 1]

Best cromosome [23, 4, 66, 55, 43, 14, 91, 2, 19, 11, 77, 100, 41, 9, 31, 28, 92, 16]

MAE mean:     0.242307692308

MZE mean:     0.180769230769

Best cromosome [84, 100, 14, 67, 43, 11, 44, 46, 76, 1, 74, 96, 68, 99, 47, 58, 77, 28]

Best cromosome [26, 94, 8, 54, 71, 29, 63, 41, 96, 54, 79, 94, 27, 99, 33, 31, 62, 6]

Best cromosome [9, 88, 44, 41, 79, 13, 46, 46, 78, 0, 33, 88, 6, 93, 42, 9, 90, 26]

Best cromosome [43, 43, 9, 89, 67, 22, 34, 63, 72, 27, 91, 97, 40, 97, 1, 41, 80, 2]

Best cromosome [95, 73, 40, 53, 36, 39, 54, 30, 96, 6, 87, 83, 15, 47, 16, 16, 24, 2]

Best cromosome [32, 47, 35, 68, 24, 8, 45, 72, 92, 42, 50, 77, 8, 92, 60, 72, 66, 0]

Best cromosome [98, 65, 37, 74, 92, 20, 100, 41, 99, 22, 34, 99, 1, 88, 32, 33, 81, 10]

Best cromosome [71, 85, 3, 57, 70, 15, 38, 17, 76, 2, 67, 100, 11, 86, 23, 38, 92, 4]

Best cromosome [57, 54, 25, 34, 86, 14, 70, 5, 92, 31, 79, 86, 14, 71, 54, 20, 97, 9]

Best cromosome [2, 92, 43, 86, 67, 0, 23, 44, 91, 36, 37, 95, 3, 73, 60, 66, 92, 13]

MAE mean:     0.425

MZE mean:     0.294230769231

Best cromosome [11, 81, 15, 15, 90, 45, 96, 73, 79, 76, 8, 5, 84, 99, 91, 9, 26, 69]

Best cromosome [8, 43, 3, 31, 49, 41, 66, 90, 92, 13, 0, 7, 4, 91, 97, 4, 7, 90]

Best cromosome [41, 96, 6, 98, 79, 27, 46, 40, 49, 91, 5, 9, 53, 75, 87, 20, 8, 78]

Best cromosome [45, 64, 0, 14, 52, 9, 30, 56, 100, 5, 3, 6, 41, 53, 83, 33, 0, 63]

Best cromosome [8, 86, 15, 5, 82, 0, 47, 5, 78, 36, 1, 13, 90, 56, 99, 5, 17, 70]

Best cromosome [16, 72, 1, 37, 79, 6, 26, 33, 78, 45, 4, 17, 1, 46, 96, 1, 15, 97]

Best cromosome [64, 77, 16, 11, 97, 46, 73, 24, 96, 22, 2, 12, 5, 67, 93, 12, 51, 89]

Best cromosome [20, 97, 21, 6, 54, 17, 42, 87, 56, 47, 10, 29, 100, 88, 95, 16, 27, 21]

Best cromosome [18, 97, 5, 45, 79, 41, 13, 82, 81, 51, 1, 0, 60, 53, 99, 8, 3, 94]

Best cromosome [13, 68, 3, 45, 62, 37, 32, 59, 97, 2, 2, 1, 9, 55, 100, 6, 4, 62]

MAE mean:     0.367307692308

MZE mean:     0.294230769231

Best cromosome [80, 39, 70, 98, 1, 70, 66, 68, 13, 51, 36, 26, 16, 69, 69, 15, 100, 87]

Best cromosome [40, 16, 83, 28, 13, 31, 50, 8, 15, 48, 99, 83, 91, 1, 66, 4, 86, 53]

Best cromosome [100, 7, 84, 25, 15, 10, 2, 27, 40, 16, 16, 21, 0, 62, 96, 97, 69, 6]

Best cromosome [81, 23, 89, 67, 55, 83, 75, 5, 18, 27, 37, 6, 55, 10, 81, 48, 88, 45]

Best cromosome [95, 9, 85, 61, 33, 44, 78, 47, 71, 86, 10, 15, 53, 72, 94, 28, 91, 29]

Best cromosome [53, 28, 68, 25, 9, 2, 82, 78, 2, 39, 36, 3, 7, 89, 98, 16, 57, 62]

Best cromosome [95, 20, 43, 36, 11, 69, 55, 72, 1, 6, 19, 2, 95, 94, 94, 3, 88, 58]

Best cromosome [79, 21, 91, 5, 7, 59, 87, 62, 16, 21, 14, 39, 57, 78, 81, 23, 39, 20]

Best cromosome [94, 25, 71, 42, 4, 79, 69, 61, 17, 16, 11, 0, 68, 49, 85, 14, 3, 18]

Best cromosome [100, 11, 59, 80, 4, 19, 99, 45, 34, 21, 6, 1, 29, 42, 100, 6, 41, 12]

MAE mean:     0.307692307692

MZE mean:     0.234615384615

