Best cromosome [59, 100, 34, 45, 9, 37, 72, 39, 8, 5, 13, 83, 92, 64, 60, 52, 83, 100]

Best cromosome [36, 63, 22, 88, 50, 65, 76, 35, 24, 53, 33, 98, 77, 1, 44, 59, 86, 86]

Best cromosome [3, 18, 44, 30, 16, 56, 49, 27, 68, 24, 76, 99, 99, 17, 9, 2, 74, 90]

Best cromosome [67, 70, 14, 98, 11, 68, 81, 98, 7, 52, 23, 88, 81, 48, 89, 31, 76, 63]

Best cromosome [14, 3, 15, 45, 15, 85, 98, 29, 5, 22, 34, 69, 83, 19, 20, 40, 78, 87]

Best cromosome [56, 46, 38, 74, 22, 95, 65, 0, 70, 0, 5, 31, 84, 8, 52, 79, 54, 75]

Best cromosome [18, 94, 9, 98, 11, 45, 79, 53, 13, 97, 46, 79, 16, 4, 93, 3, 88, 78]

Best cromosome [6, 44, 48, 92, 82, 94, 74, 94, 50, 51, 8, 90, 100, 52, 69, 15, 74, 19]

Best cromosome [24, 20, 22, 96, 27, 80, 57, 43, 49, 42, 21, 0, 54, 24, 71, 20, 78, 87]

Best cromosome [22, 34, 55, 75, 30, 43, 65, 83, 1, 73, 38, 4, 96, 25, 7, 11, 87, 13]

MAE mean:     0.266666666667

MZE mean:     0.266666666667

Best cromosome [76, 6, 99, 60, 19, 4, 20, 90, 64, 98, 9, 13, 0, 7, 39, 65, 70, 91]

Best cromosome [97, 9, 70, 12, 9, 46, 40, 38, 82, 82, 27, 50, 62, 69, 71, 38, 44, 90]

Best cromosome [82, 2, 82, 40, 0, 3, 9, 85, 96, 51, 39, 2, 24, 43, 45, 44, 43, 72]

Best cromosome [74, 18, 100, 46, 16, 33, 50, 60, 78, 54, 10, 79, 19, 5, 98, 29, 69, 58]

Best cromosome [95, 28, 43, 16, 12, 62, 5, 80, 73, 75, 58, 12, 58, 3, 79, 14, 40, 96]

Best cromosome [28, 5, 78, 84, 42, 77, 8, 66, 76, 54, 1, 4, 12, 31, 98, 21, 15, 65]

Best cromosome [36, 6, 29, 66, 4, 39, 2, 87, 72, 86, 32, 12, 6, 4, 64, 3, 15, 18]

Best cromosome [44, 33, 74, 92, 0, 17, 10, 51, 100, 87, 30, 16, 4, 60, 99, 3, 34, 93]

Best cromosome [92, 24, 75, 32, 26, 42, 10, 91, 87, 83, 28, 70, 25, 22, 82, 2, 39, 72]

Best cromosome [55, 13, 100, 26, 20, 0, 5, 59, 43, 73, 39, 37, 21, 20, 24, 38, 12, 77]

MAE mean:     0.111111111111

MZE mean:     0.111111111111

Best cromosome [95, 66, 97, 87, 56, 56, 88, 76, 78, 58, 82, 28, 80, 76, 39, 34, 79, 46]

Best cromosome [59, 12, 27, 2, 79, 14, 38, 12, 6, 9, 0, 30, 19, 12, 16, 10, 17, 8]

Best cromosome [33, 9, 29, 82, 95, 66, 51, 77, 4, 55, 49, 88, 56, 62, 40, 56, 26, 60]

Best cromosome [75, 46, 18, 76, 92, 31, 94, 92, 48, 9, 48, 34, 31, 56, 0, 80, 88, 38]

Best cromosome [2, 80, 87, 89, 94, 31, 56, 67, 3, 88, 91, 40, 76, 39, 87, 58, 47, 76]

Best cromosome [56, 14, 3, 19, 16, 79, 25, 21, 56, 51, 17, 75, 29, 5, 17, 35, 18, 6]

Best cromosome [9, 11, 59, 13, 0, 65, 71, 39, 90, 43, 38, 78, 36, 16, 50, 20, 74, 8]

Best cromosome [84, 50, 20, 11, 79, 6, 48, 17, 10, 35, 3, 55, 18, 0, 98, 13, 2, 22]

Best cromosome [53, 64, 98, 47, 78, 94, 31, 82, 55, 89, 98, 49, 54, 49, 49, 20, 47, 78]

Best cromosome [95, 8, 46, 22, 73, 1, 36, 8, 62, 2, 13, 89, 39, 9, 22, 82, 44, 21]

MAE mean:     0.422222222222

MZE mean:     0.422222222222

Best cromosome [11, 70, 87, 3, 78, 51, 43, 12, 98, 79, 58, 1, 40, 34, 6, 85, 47, 52]

Best cromosome [68, 96, 24, 11, 89, 82, 21, 29, 90, 30, 61, 62, 3, 34, 13, 24, 15, 19]

Best cromosome [26, 96, 100, 27, 56, 80, 10, 2, 89, 84, 89, 10, 53, 11, 33, 93, 13, 55]

Best cromosome [57, 50, 46, 14, 21, 33, 43, 38, 55, 33, 46, 29, 57, 9, 80, 50, 53, 24]

Best cromosome [79, 42, 94, 86, 17, 18, 73, 39, 71, 79, 98, 37, 69, 35, 57, 90, 0, 40]

Best cromosome [53, 17, 12, 29, 81, 45, 13, 11, 84, 76, 71, 32, 99, 5, 2, 99, 6, 25]

Best cromosome [36, 65, 97, 63, 32, 23, 36, 24, 47, 100, 62, 16, 57, 20, 17, 94, 11, 5]

Best cromosome [78, 71, 10, 27, 97, 23, 25, 52, 55, 98, 73, 60, 71, 10, 53, 95, 64, 72]

Best cromosome [38, 84, 58, 13, 90, 24, 26, 65, 60, 85, 28, 1, 91, 34, 6, 56, 57, 45]

Best cromosome [44, 38, 92, 13, 38, 7, 26, 73, 86, 59, 89, 7, 3, 5, 69, 41, 60, 51]

MAE mean:     0.211111111111

MZE mean:     0.211111111111

Best cromosome [6, 51, 11, 18, 60, 64, 54, 12, 47, 5, 16, 68, 4, 96, 60, 16, 50, 32]

Best cromosome [33, 7, 0, 11, 2, 89, 60, 1, 25, 13, 17, 95, 16, 64, 23, 3, 4, 43]

Best cromosome [1, 8, 1, 0, 32, 78, 34, 17, 10, 8, 41, 81, 39, 25, 8, 3, 95, 90]

Best cromosome [42, 20, 13, 14, 37, 61, 50, 11, 17, 2, 51, 70, 37, 97, 21, 23, 66, 68]

Best cromosome [25, 3, 12, 51, 46, 90, 39, 35, 10, 16, 96, 87, 45, 77, 62, 23, 6, 94]

Best cromosome [18, 28, 11, 24, 5, 95, 25, 21, 33, 17, 34, 90, 1, 99, 0, 26, 56, 84]

Best cromosome [58, 2, 31, 45, 35, 98, 16, 0, 29, 8, 12, 91, 31, 99, 14, 3, 35, 63]

Best cromosome [0, 6, 12, 52, 39, 95, 6, 44, 36, 59, 64, 91, 22, 87, 10, 5, 37, 63]

Best cromosome [20, 26, 0, 3, 30, 72, 30, 2, 88, 11, 46, 84, 9, 87, 51, 19, 53, 91]

Best cromosome [20, 4, 1, 1, 28, 98, 52, 18, 80, 13, 6, 82, 26, 97, 15, 62, 88, 98]

MAE mean:     0.333333333333

MZE mean:     0.333333333333

