Best cromosome [29, 74, 27, 91, 56, 4, 70, 6, 5, 56, 29, 43, 65, 94, 65, 10, 93, 7]

Best cromosome [66, 15, 0, 18, 75, 5, 31, 11, 9, 96, 44, 78, 4, 89, 59, 4, 61, 33]

Best cromosome [68, 75, 56, 17, 29, 64, 55, 5, 14, 87, 28, 95, 48, 92, 50, 34, 57, 1]

Best cromosome [93, 90, 34, 51, 90, 40, 93, 8, 8, 26, 55, 99, 100, 99, 56, 3, 80, 2]

Best cromosome [74, 63, 18, 6, 46, 17, 15, 20, 24, 61, 13, 72, 24, 98, 59, 9, 68, 6]

Best cromosome [89, 43, 74, 31, 44, 18, 32, 11, 33, 53, 11, 90, 24, 94, 40, 0, 64, 6]

Best cromosome [85, 91, 34, 36, 4, 55, 35, 8, 41, 67, 55, 87, 44, 92, 51, 25, 59, 12]

Best cromosome [73, 64, 39, 33, 22, 40, 1, 2, 37, 39, 44, 80, 40, 87, 25, 2, 79, 14]

Best cromosome [41, 51, 15, 3, 18, 61, 6, 2, 38, 10, 42, 82, 48, 98, 51, 1, 86, 10]

Best cromosome [54, 92, 47, 61, 58, 66, 82, 8, 4, 36, 0, 96, 75, 93, 84, 13, 69, 16]

MAE mean:     0.642105263158

MZE mean:     0.534210526316

Best cromosome [6, 100, 2, 79, 100, 77, 10, 15, 17, 5, 1, 58, 39, 81, 10, 16, 21, 1]

Best cromosome [0, 84, 10, 49, 89, 29, 17, 27, 2, 26, 8, 39, 16, 38, 47, 28, 28, 9]

Best cromosome [7, 85, 5, 87, 100, 23, 4, 23, 27, 28, 33, 82, 0, 61, 22, 16, 52, 12]

Best cromosome [14, 99, 17, 69, 89, 47, 19, 22, 2, 10, 7, 100, 7, 79, 49, 22, 73, 4]

Best cromosome [4, 89, 19, 97, 99, 25, 39, 4, 13, 21, 2, 53, 14, 51, 46, 48, 44, 5]

Best cromosome [19, 100, 12, 70, 90, 28, 18, 42, 65, 65, 6, 75, 1, 61, 5, 5, 35, 7]

Best cromosome [16, 99, 42, 85, 96, 5, 45, 6, 41, 30, 25, 76, 10, 69, 39, 10, 40, 12]

Best cromosome [15, 90, 6, 90, 82, 14, 8, 24, 16, 88, 20, 55, 7, 90, 64, 33, 48, 2]

Best cromosome [28, 97, 11, 74, 99, 39, 12, 1, 28, 59, 11, 70, 3, 16, 11, 0, 30, 12]

Best cromosome [24, 87, 1, 100, 84, 37, 29, 27, 85, 89, 21, 79, 12, 66, 54, 32, 19, 12]

MAE mean:     0.634210526316

MZE mean:     0.45

Best cromosome [15, 34, 20, 8, 86, 22, 88, 71, 59, 58, 96, 19, 88, 5, 75, 8, 91, 22]

Best cromosome [85, 54, 18, 12, 98, 79, 90, 78, 80, 27, 79, 28, 96, 22, 31, 27, 19, 94]

Best cromosome [34, 14, 14, 0, 85, 94, 79, 59, 1, 20, 98, 3, 61, 5, 14, 66, 62, 76]

Best cromosome [2, 63, 20, 5, 86, 32, 84, 35, 25, 67, 79, 21, 82, 18, 74, 24, 85, 52]

Best cromosome [46, 5, 40, 14, 88, 41, 78, 45, 39, 35, 99, 1, 92, 6, 44, 59, 79, 25]

Best cromosome [25, 37, 10, 3, 90, 37, 92, 23, 51, 56, 93, 12, 99, 11, 77, 25, 85, 14]

Best cromosome [71, 29, 3, 12, 94, 69, 86, 62, 46, 17, 99, 1, 83, 15, 61, 44, 95, 8]

Best cromosome [30, 2, 2, 1, 95, 28, 83, 44, 14, 11, 90, 18, 89, 16, 81, 67, 64, 53]

Best cromosome [72, 28, 20, 7, 100, 10, 72, 92, 30, 54, 94, 14, 54, 6, 87, 23, 74, 25]

Best cromosome [39, 28, 0, 5, 56, 60, 94, 30, 22, 62, 77, 4, 78, 63, 22, 40, 77, 56]

MAE mean:     0.631578947368

MZE mean:     0.547368421053

Best cromosome [3, 95, 74, 69, 18, 92, 8, 93, 85, 75, 13, 78, 0, 0, 3, 42, 22, 100]

Best cromosome [22, 93, 93, 48, 2, 46, 37, 56, 3, 70, 6, 86, 1, 3, 14, 18, 30, 91]

Best cromosome [7, 98, 84, 89, 22, 54, 97, 61, 31, 60, 16, 29, 22, 15, 8, 43, 13, 95]

Best cromosome [10, 100, 91, 41, 56, 93, 14, 47, 93, 31, 19, 99, 11, 17, 4, 8, 0, 67]

Best cromosome [36, 96, 61, 82, 15, 78, 61, 4, 11, 37, 10, 40, 33, 4, 1, 61, 29, 97]

Best cromosome [33, 96, 86, 89, 38, 84, 39, 57, 57, 40, 10, 96, 3, 12, 0, 21, 3, 93]

Best cromosome [41, 82, 80, 75, 15, 87, 23, 76, 89, 47, 0, 93, 1, 6, 0, 8, 1, 91]

Best cromosome [6, 93, 96, 45, 9, 22, 92, 90, 20, 61, 12, 84, 8, 6, 9, 2, 0, 94]

Best cromosome [20, 97, 98, 87, 15, 78, 38, 36, 78, 52, 7, 86, 10, 3, 32, 19, 12, 73]

Best cromosome [4, 89, 95, 48, 0, 53, 99, 29, 30, 20, 21, 95, 0, 5, 37, 5, 2, 89]

MAE mean:     0.578947368421

MZE mean:     0.5

Best cromosome [17, 56, 1, 98, 19, 52, 15, 54, 13, 73, 93, 2, 14, 43, 82, 99, 62, 23]

Best cromosome [0, 55, 0, 86, 4, 94, 19, 68, 2, 90, 83, 2, 6, 25, 51, 87, 51, 73]

Best cromosome [0, 51, 14, 6, 32, 99, 4, 90, 7, 94, 51, 1, 0, 52, 62, 25, 44, 6]

Best cromosome [11, 49, 12, 14, 11, 83, 2, 98, 6, 100, 40, 3, 23, 2, 56, 68, 55, 12]

Best cromosome [2, 9, 9, 36, 3, 80, 4, 92, 1, 45, 26, 1, 11, 19, 76, 96, 24, 45]

Best cromosome [14, 34, 5, 28, 3, 83, 14, 96, 1, 83, 74, 0, 3, 31, 80, 15, 61, 31]

Best cromosome [7, 21, 5, 6, 9, 68, 13, 91, 3, 50, 50, 7, 1, 7, 97, 70, 40, 6]

Best cromosome [9, 7, 0, 1, 41, 99, 7, 95, 9, 42, 34, 0, 10, 20, 78, 98, 88, 2]

Best cromosome [11, 44, 8, 74, 10, 82, 31, 73, 25, 58, 86, 2, 16, 42, 42, 72, 55, 39]

Best cromosome [0, 31, 9, 14, 26, 100, 1, 95, 1, 92, 8, 1, 8, 48, 68, 63, 72, 8]

MAE mean:     0.7

MZE mean:     0.507894736842

