Best cromosome [52, 100, 19, 8, 40, 11, 79, 39, 5, 31, 83, 11, 16, 31, 11, 61, 96, 20]

Best cromosome [32, 8, 41, 92, 50, 23, 25, 7, 95, 87, 17, 99, 70, 78, 23, 95, 39, 94]

Best cromosome [23, 83, 92, 61, 83, 72, 47, 38, 47, 9, 5, 17, 53, 8, 13, 97, 92, 39]

Best cromosome [32, 96, 14, 85, 79, 13, 50, 68, 79, 91, 97, 28, 85, 38, 21, 81, 87, 32]

Best cromosome [3, 91, 37, 63, 0, 73, 37, 36, 85, 9, 14, 42, 93, 19, 59, 61, 73, 6]

Best cromosome [7, 67, 2, 67, 95, 12, 45, 95, 57, 62, 62, 33, 72, 63, 0, 56, 56, 25]

Best cromosome [23, 1, 59, 70, 33, 41, 85, 64, 56, 74, 2, 34, 65, 81, 92, 81, 49, 92]

Best cromosome [1, 29, 48, 8, 56, 10, 7, 74, 42, 45, 8, 62, 50, 79, 92, 33, 19, 72]

Best cromosome [92, 49, 90, 48, 61, 13, 97, 45, 86, 5, 37, 81, 98, 11, 68, 21, 87, 99]

Best cromosome [80, 81, 84, 65, 9, 49, 97, 98, 39, 80, 69, 70, 58, 34, 67, 42, 84, 69]

MAE mean:     0.76

MZE mean:     0.56

Best cromosome [83, 57, 11, 79, 13, 11, 57, 17, 26, 10, 30, 15, 28, 17, 22, 100, 21, 94]

Best cromosome [50, 19, 28, 86, 69, 14, 14, 8, 3, 5, 25, 94, 31, 0, 16, 97, 21, 97]

Best cromosome [41, 96, 37, 15, 72, 31, 19, 91, 61, 11, 56, 73, 79, 0, 39, 64, 16, 93]

Best cromosome [37, 89, 72, 55, 76, 28, 67, 95, 15, 26, 30, 0, 68, 6, 98, 75, 14, 76]

Best cromosome [79, 44, 59, 82, 16, 23, 61, 43, 27, 8, 5, 24, 16, 0, 2, 93, 38, 96]

Best cromosome [88, 14, 25, 98, 95, 7, 17, 44, 52, 14, 1, 7, 15, 1, 35, 78, 14, 94]

Best cromosome [76, 56, 2, 44, 2, 6, 45, 25, 29, 17, 5, 8, 44, 12, 11, 100, 18, 100]

Best cromosome [80, 68, 57, 27, 83, 13, 42, 62, 10, 6, 36, 83, 51, 12, 24, 78, 8, 92]

Best cromosome [40, 34, 13, 90, 57, 11, 21, 13, 60, 4, 27, 37, 28, 3, 10, 60, 8, 99]

Best cromosome [84, 93, 35, 92, 93, 4, 29, 49, 80, 13, 3, 69, 31, 6, 9, 23, 8, 96]

MAE mean:     0.313333333333

MZE mean:     0.313333333333

Best cromosome [95, 73, 49, 24, 57, 22, 90, 17, 99, 9, 3, 9, 65, 31, 6, 13, 40, 63]

Best cromosome [22, 78, 23, 3, 31, 2, 99, 36, 98, 4, 51, 5, 90, 15, 16, 28, 18, 32]

Best cromosome [88, 75, 8, 25, 55, 1, 89, 18, 86, 8, 22, 15, 100, 14, 24, 37, 3, 60]

Best cromosome [53, 15, 24, 58, 57, 20, 84, 92, 94, 9, 41, 19, 89, 26, 50, 4, 10, 50]

Best cromosome [99, 85, 17, 4, 49, 25, 96, 71, 84, 0, 53, 45, 100, 34, 7, 14, 46, 33]

Best cromosome [80, 61, 7, 25, 52, 6, 90, 39, 71, 20, 4, 7, 99, 36, 45, 26, 14, 73]

Best cromosome [87, 65, 10, 7, 66, 15, 80, 61, 73, 8, 16, 21, 84, 6, 4, 7, 3, 33]

Best cromosome [67, 96, 7, 10, 72, 0, 100, 46, 26, 4, 10, 6, 95, 13, 32, 13, 0, 30]

Best cromosome [88, 70, 17, 19, 62, 7, 91, 75, 81, 23, 11, 23, 95, 28, 9, 23, 4, 52]

Best cromosome [91, 53, 26, 8, 14, 7, 98, 73, 91, 10, 3, 13, 96, 41, 46, 39, 12, 23]

MAE mean:     0.486666666667

MZE mean:     0.373333333333

Best cromosome [7, 97, 99, 2, 32, 1, 10, 5, 11, 0, 8, 0, 64, 0, 56, 95, 65, 95]

Best cromosome [8, 65, 95, 24, 61, 47, 25, 68, 49, 81, 1, 9, 29, 25, 79, 90, 89, 19]

Best cromosome [12, 53, 92, 19, 89, 47, 50, 24, 48, 14, 5, 2, 24, 14, 38, 99, 38, 72]

Best cromosome [0, 84, 72, 1, 76, 24, 33, 3, 91, 53, 9, 0, 19, 4, 37, 98, 56, 7]

Best cromosome [36, 83, 100, 15, 79, 31, 1, 20, 60, 0, 4, 8, 13, 0, 47, 94, 4, 14]

Best cromosome [12, 66, 93, 21, 91, 67, 29, 44, 66, 7, 7, 0, 32, 5, 28, 99, 16, 21]

Best cromosome [4, 52, 80, 21, 84, 62, 44, 46, 94, 60, 3, 0, 81, 7, 61, 79, 26, 75]

Best cromosome [2, 44, 88, 19, 97, 23, 23, 14, 69, 9, 19, 23, 51, 0, 20, 72, 16, 58]

Best cromosome [4, 66, 98, 10, 87, 41, 26, 13, 22, 13, 37, 23, 34, 0, 9, 77, 7, 57]

Best cromosome [7, 48, 100, 15, 100, 11, 43, 5, 53, 28, 9, 8, 11, 8, 12, 67, 26, 20]

MAE mean:     0.653333333333

MZE mean:     0.533333333333

Best cromosome [22, 46, 53, 27, 96, 52, 3, 47, 55, 89, 56, 92, 69, 86, 38, 25, 96, 89]

Best cromosome [11, 84, 36, 35, 93, 82, 80, 30, 65, 89, 37, 89, 4, 70, 51, 12, 92, 70]

Best cromosome [18, 53, 35, 35, 89, 77, 64, 80, 13, 87, 87, 76, 48, 99, 27, 27, 91, 98]

Best cromosome [27, 16, 7, 54, 93, 41, 19, 15, 57, 74, 78, 73, 63, 74, 65, 32, 95, 78]

Best cromosome [10, 52, 21, 50, 69, 82, 18, 9, 47, 67, 77, 69, 92, 59, 58, 12, 90, 65]

Best cromosome [18, 30, 18, 25, 68, 15, 15, 25, 18, 27, 31, 83, 39, 97, 65, 60, 96, 74]

Best cromosome [10, 30, 28, 48, 85, 30, 38, 24, 7, 100, 85, 85, 31, 85, 50, 20, 88, 67]

Best cromosome [30, 52, 10, 30, 82, 52, 41, 47, 46, 3, 42, 64, 24, 77, 23, 77, 82, 49]

Best cromosome [12, 76, 13, 13, 61, 95, 26, 38, 59, 8, 33, 52, 53, 91, 52, 32, 99, 87]

Best cromosome [18, 19, 34, 34, 87, 98, 52, 85, 30, 70, 53, 91, 10, 93, 72, 23, 93, 89]

MAE mean:     0.58

MZE mean:     0.406666666667

