Best cromosome [14, 61, 49, 21, 0, 17, 11, 2, 95, 70, 69, 83, 37, 93, 96, 41, 11, 78]

Best cromosome [15, 9, 65, 54, 45, 14, 19, 1, 98, 24, 91, 55, 84, 88, 97, 50, 7, 73]

Best cromosome [0, 44, 30, 56, 31, 43, 55, 3, 82, 84, 99, 50, 82, 94, 82, 13, 26, 85]

Best cromosome [33, 39, 23, 76, 52, 58, 22, 0, 99, 23, 89, 57, 74, 97, 96, 33, 15, 95]

Best cromosome [38, 70, 48, 83, 34, 79, 43, 8, 71, 86, 70, 84, 26, 99, 87, 12, 38, 55]

Best cromosome [21, 20, 22, 91, 5, 98, 21, 23, 76, 67, 31, 50, 78, 70, 98, 0, 48, 91]

Best cromosome [26, 50, 51, 22, 12, 76, 16, 14, 73, 26, 91, 43, 81, 99, 84, 33, 44, 37]

Best cromosome [34, 6, 34, 34, 36, 37, 10, 5, 94, 45, 83, 46, 95, 89, 81, 50, 12, 10]

Best cromosome [26, 68, 56, 54, 26, 76, 20, 36, 80, 75, 81, 73, 66, 100, 100, 1, 34, 51]

Best cromosome [20, 55, 60, 64, 33, 21, 20, 14, 56, 47, 58, 82, 71, 97, 100, 24, 9, 41]

MAE mean:     0.108

MZE mean:     0.108

Best cromosome [97, 29, 48, 90, 98, 88, 15, 14, 54, 70, 16, 21, 16, 99, 85, 23, 65, 14]

Best cromosome [78, 52, 37, 67, 97, 39, 9, 35, 47, 90, 32, 1, 6, 63, 67, 3, 87, 24]

Best cromosome [68, 7, 37, 73, 95, 38, 30, 12, 75, 48, 8, 16, 10, 72, 74, 35, 95, 19]

Best cromosome [80, 22, 83, 75, 89, 89, 50, 7, 24, 85, 25, 17, 6, 93, 67, 38, 87, 0]

Best cromosome [10, 73, 80, 98, 53, 19, 59, 39, 9, 0, 5, 69, 42, 89, 34, 47, 100, 32]

Best cromosome [89, 37, 78, 91, 100, 31, 26, 4, 15, 70, 15, 47, 5, 89, 45, 57, 73, 9]

Best cromosome [95, 2, 74, 66, 93, 76, 13, 32, 70, 100, 5, 67, 10, 93, 75, 31, 74, 1]

Best cromosome [87, 10, 97, 96, 94, 92, 25, 4, 47, 49, 16, 49, 0, 85, 47, 55, 72, 15]

Best cromosome [16, 36, 78, 84, 66, 11, 59, 32, 19, 55, 10, 36, 11, 89, 99, 46, 93, 45]

Best cromosome [80, 43, 24, 97, 86, 98, 24, 14, 70, 34, 2, 8, 15, 64, 98, 46, 97, 48]

MAE mean:     0.209333333333

MZE mean:     0.209333333333

Best cromosome [4, 11, 11, 93, 13, 2, 24, 23, 95, 0, 69, 92, 100, 77, 85, 1, 68, 2]

Best cromosome [15, 23, 8, 89, 55, 0, 43, 87, 4, 4, 85, 88, 84, 41, 52, 1, 72, 6]

Best cromosome [5, 17, 3, 98, 41, 3, 44, 49, 40, 0, 38, 89, 97, 14, 63, 37, 42, 15]

Best cromosome [6, 25, 26, 94, 39, 1, 89, 82, 28, 16, 77, 84, 100, 5, 83, 4, 65, 1]

Best cromosome [10, 32, 2, 97, 46, 16, 53, 25, 76, 13, 82, 75, 82, 35, 98, 4, 13, 6]

Best cromosome [8, 24, 12, 99, 68, 2, 23, 46, 19, 19, 94, 90, 98, 14, 85, 15, 22, 11]

Best cromosome [6, 11, 2, 96, 55, 19, 59, 8, 69, 7, 79, 49, 96, 22, 92, 42, 13, 13]

Best cromosome [24, 73, 10, 76, 14, 7, 37, 44, 31, 19, 90, 70, 66, 29, 98, 25, 75, 6]

Best cromosome [16, 21, 11, 93, 27, 6, 6, 15, 29, 12, 35, 73, 94, 3, 91, 30, 22, 1]

Best cromosome [0, 0, 29, 94, 82, 3, 48, 9, 21, 33, 83, 67, 76, 25, 94, 17, 3, 34]

MAE mean:     0.196

MZE mean:     0.196

Best cromosome [5, 89, 43, 21, 86, 11, 84, 27, 47, 22, 7, 55, 45, 98, 85, 22, 11, 2]

Best cromosome [4, 84, 27, 45, 66, 41, 89, 27, 0, 42, 10, 67, 0, 82, 51, 7, 73, 27]

Best cromosome [10, 98, 17, 30, 55, 38, 99, 56, 8, 8, 8, 99, 14, 74, 72, 44, 55, 53]

Best cromosome [20, 47, 23, 7, 97, 23, 78, 38, 33, 6, 0, 71, 32, 95, 71, 8, 29, 20]

Best cromosome [35, 84, 0, 51, 94, 3, 78, 70, 34, 2, 8, 87, 1, 90, 58, 20, 8, 37]

Best cromosome [21, 78, 25, 19, 96, 4, 97, 0, 7, 5, 28, 100, 27, 89, 82, 1, 59, 77]

Best cromosome [10, 84, 50, 33, 94, 31, 94, 35, 8, 18, 16, 81, 42, 88, 92, 37, 31, 43]

Best cromosome [2, 88, 78, 26, 94, 8, 55, 3, 31, 10, 4, 84, 33, 74, 85, 4, 14, 8]

Best cromosome [11, 77, 9, 48, 55, 50, 95, 33, 3, 42, 6, 96, 15, 95, 32, 40, 48, 30]

Best cromosome [1, 93, 84, 49, 98, 2, 89, 14, 66, 26, 6, 88, 15, 96, 63, 7, 0, 16]

MAE mean:     0.084

MZE mean:     0.084

Best cromosome [29, 12, 16, 89, 91, 2, 1, 47, 8, 5, 93, 100, 10, 25, 7, 2, 99, 78]

Best cromosome [16, 0, 10, 82, 100, 6, 14, 91, 7, 7, 82, 73, 29, 32, 14, 34, 94, 15]

Best cromosome [3, 13, 25, 98, 99, 38, 3, 57, 11, 4, 35, 98, 19, 14, 18, 8, 66, 49]

Best cromosome [10, 43, 3, 71, 98, 6, 18, 82, 8, 44, 79, 100, 14, 35, 7, 27, 95, 3]

Best cromosome [2, 29, 40, 98, 99, 6, 9, 99, 18, 31, 30, 92, 47, 23, 25, 17, 30, 4]

Best cromosome [8, 24, 4, 93, 85, 6, 16, 83, 0, 0, 63, 85, 7, 37, 3, 15, 66, 25]

Best cromosome [6, 20, 25, 100, 96, 31, 10, 100, 2, 7, 63, 48, 42, 34, 36, 6, 54, 18]

Best cromosome [2, 17, 6, 44, 97, 7, 27, 48, 7, 17, 69, 100, 9, 1, 9, 4, 67, 2]

Best cromosome [1, 74, 2, 99, 79, 20, 3, 75, 21, 5, 9, 96, 15, 54, 12, 57, 15, 10]

Best cromosome [26, 62, 2, 100, 80, 8, 39, 89, 4, 26, 48, 99, 4, 60, 11, 17, 78, 39]

MAE mean:     0.173333333333

MZE mean:     0.173333333333

