Best cromosome [25, 3, 62, 86, 61, 80, 26, 1, 39, 58, 47, 90, 27, 99, 12, 2, 27, 21]

Best cromosome [31, 34, 68, 91, 68, 82, 3, 1, 49, 92, 9, 50, 62, 84, 75, 83, 62, 68]

Best cromosome [43, 0, 46, 87, 73, 55, 12, 32, 63, 84, 96, 92, 39, 86, 77, 3, 12, 72]

Best cromosome [37, 38, 88, 98, 41, 71, 40, 6, 28, 93, 21, 86, 43, 61, 41, 32, 55, 60]

Best cromosome [25, 36, 56, 100, 58, 80, 11, 3, 71, 99, 4, 39, 71, 62, 60, 94, 46, 72]

Best cromosome [19, 31, 67, 88, 71, 83, 5, 3, 47, 100, 36, 97, 49, 55, 48, 65, 57, 74]

Best cromosome [58, 1, 47, 80, 32, 92, 8, 0, 15, 47, 23, 98, 3, 97, 21, 18, 30, 8]

Best cromosome [30, 6, 48, 93, 33, 51, 25, 9, 36, 43, 46, 95, 0, 68, 32, 33, 7, 24]

Best cromosome [46, 5, 77, 90, 56, 60, 12, 24, 12, 66, 65, 96, 9, 96, 70, 19, 53, 30]

Best cromosome [47, 10, 72, 80, 73, 7, 31, 2, 38, 83, 94, 93, 5, 82, 57, 5, 33, 73]

MAE mean:     0.41325

MZE mean:     0.37875

Best cromosome [40, 1, 9, 65, 71, 9, 45, 1, 55, 4, 17, 100, 84, 60, 5, 26, 88, 4]

Best cromosome [16, 1, 10, 67, 96, 23, 32, 0, 72, 5, 35, 97, 97, 99, 2, 35, 72, 3]

Best cromosome [19, 0, 25, 61, 91, 6, 25, 1, 48, 4, 13, 98, 69, 73, 22, 56, 81, 4]

Best cromosome [28, 9, 1, 80, 69, 16, 66, 7, 100, 6, 1, 96, 95, 84, 10, 26, 89, 1]

Best cromosome [24, 5, 13, 43, 93, 8, 28, 20, 74, 0, 17, 98, 88, 88, 4, 54, 52, 1]

Best cromosome [8, 11, 9, 68, 93, 8, 12, 26, 88, 21, 17, 95, 94, 88, 0, 0, 98, 10]

Best cromosome [14, 0, 29, 57, 67, 7, 13, 3, 58, 1, 18, 97, 93, 83, 39, 42, 97, 2]

Best cromosome [16, 1, 3, 57, 89, 11, 11, 7, 51, 7, 45, 91, 68, 82, 19, 24, 81, 4]

Best cromosome [18, 2, 12, 72, 61, 16, 17, 3, 44, 3, 18, 99, 73, 64, 10, 29, 96, 1]

Best cromosome [5, 6, 2, 50, 100, 14, 26, 7, 56, 13, 21, 98, 79, 78, 5, 41, 87, 0]

MAE mean:     0.35975

MZE mean:     0.32125

Best cromosome [15, 33, 19, 96, 71, 4, 58, 3, 82, 22, 29, 91, 4, 71, 3, 29, 15, 97]

Best cromosome [9, 11, 0, 100, 65, 6, 26, 1, 51, 0, 35, 94, 6, 29, 3, 3, 5, 89]

Best cromosome [17, 7, 0, 95, 74, 28, 64, 8, 96, 2, 77, 98, 10, 78, 5, 2, 13, 64]

Best cromosome [43, 41, 7, 100, 61, 10, 78, 0, 6, 0, 7, 99, 10, 96, 1, 22, 55, 1]

Best cromosome [7, 13, 2, 97, 53, 0, 53, 4, 63, 16, 10, 92, 1, 53, 4, 36, 0, 76]

Best cromosome [3, 30, 16, 97, 7, 8, 23, 25, 81, 5, 1, 100, 11, 53, 0, 0, 4, 48]

Best cromosome [31, 30, 6, 86, 55, 15, 83, 3, 99, 12, 17, 98, 2, 81, 14, 21, 1, 85]

Best cromosome [2, 1, 14, 97, 66, 8, 51, 3, 69, 7, 30, 89, 3, 59, 7, 38, 3, 74]

Best cromosome [0, 2, 12, 100, 43, 3, 26, 2, 71, 7, 35, 89, 3, 47, 8, 3, 7, 85]

Best cromosome [19, 6, 1, 94, 75, 7, 97, 0, 30, 13, 6, 100, 25, 60, 1, 24, 37, 7]

MAE mean:     0.356

MZE mean:     0.3275

Best cromosome [7, 51, 97, 85, 16, 5, 71, 37, 81, 1, 6, 94, 8, 96, 50, 62, 0, 12]

Best cromosome [23, 13, 68, 48, 67, 14, 53, 41, 77, 4, 0, 98, 29, 61, 32, 30, 34, 3]

Best cromosome [3, 18, 72, 50, 27, 8, 68, 22, 78, 4, 31, 99, 28, 86, 33, 13, 12, 11]

Best cromosome [2, 13, 61, 47, 68, 38, 88, 41, 84, 2, 61, 93, 15, 99, 0, 8, 39, 3]

Best cromosome [10, 62, 80, 92, 57, 10, 63, 23, 98, 33, 12, 88, 15, 87, 47, 30, 36, 0]

Best cromosome [19, 58, 80, 87, 13, 19, 59, 1, 76, 1, 7, 88, 7, 70, 44, 32, 4, 1]

Best cromosome [34, 48, 83, 82, 31, 20, 42, 6, 75, 7, 1, 96, 0, 83, 54, 31, 11, 15]

Best cromosome [13, 64, 83, 91, 90, 13, 81, 15, 88, 5, 0, 94, 44, 47, 38, 34, 3, 8]

Best cromosome [19, 70, 97, 96, 84, 7, 64, 85, 35, 3, 30, 79, 43, 42, 90, 9, 21, 42]

Best cromosome [13, 73, 88, 87, 61, 3, 69, 8, 83, 37, 0, 100, 13, 96, 38, 30, 40, 9]

MAE mean:     0.38475

MZE mean:     0.3535

Best cromosome [35, 61, 38, 93, 99, 5, 44, 32, 99, 9, 32, 100, 61, 91, 2, 36, 87, 30]

Best cromosome [32, 43, 54, 83, 88, 13, 40, 42, 78, 1, 0, 98, 43, 69, 25, 50, 61, 43]

Best cromosome [17, 62, 33, 98, 63, 3, 49, 33, 89, 8, 14, 98, 48, 89, 36, 38, 57, 30]

Best cromosome [100, 0, 0, 65, 100, 10, 32, 24, 88, 12, 51, 99, 29, 95, 63, 31, 49, 4]

Best cromosome [10, 60, 59, 92, 86, 3, 30, 41, 92, 0, 7, 92, 27, 96, 40, 62, 78, 45]

Best cromosome [31, 73, 29, 97, 91, 8, 24, 24, 57, 5, 27, 97, 14, 78, 53, 58, 48, 9]

Best cromosome [26, 53, 10, 89, 76, 7, 57, 35, 98, 1, 49, 100, 71, 81, 49, 51, 41, 23]

Best cromosome [13, 64, 48, 96, 69, 12, 38, 38, 85, 4, 36, 85, 49, 76, 25, 23, 64, 14]

Best cromosome [37, 76, 31, 94, 79, 7, 38, 15, 84, 10, 44, 99, 37, 71, 46, 20, 40, 24]

Best cromosome [44, 42, 25, 58, 81, 2, 56, 30, 73, 2, 17, 91, 50, 90, 43, 53, 40, 19]

MAE mean:     0.3845

MZE mean:     0.3545

