Best cromosome [13, 79, 32, 16, 2, 25, 96, 66, 8, 6, 100, 67, 23, 5, 6, 61, 65, 23]

Best cromosome [29, 65, 27, 28, 13, 10, 73, 82, 3, 42, 80, 64, 2, 22, 36, 86, 87, 32]

Best cromosome [24, 75, 40, 17, 30, 21, 87, 91, 0, 14, 95, 60, 13, 12, 46, 90, 100, 56]

Best cromosome [22, 71, 99, 22, 1, 26, 93, 87, 4, 4, 95, 78, 15, 4, 28, 55, 89, 26]

Best cromosome [8, 90, 70, 11, 20, 33, 76, 57, 11, 49, 91, 47, 6, 21, 6, 10, 99, 4]

Best cromosome [2, 90, 29, 36, 9, 60, 82, 76, 14, 0, 90, 95, 40, 17, 5, 52, 80, 10]

Best cromosome [10, 75, 41, 50, 28, 25, 86, 82, 1, 50, 80, 67, 15, 20, 5, 69, 93, 13]

Best cromosome [19, 68, 39, 24, 3, 14, 99, 67, 2, 10, 98, 98, 14, 30, 7, 66, 83, 10]

Best cromosome [28, 62, 56, 34, 33, 82, 63, 97, 0, 25, 90, 77, 10, 0, 4, 39, 87, 2]

Best cromosome [56, 87, 26, 41, 30, 20, 99, 57, 61, 51, 97, 10, 26, 6, 20, 93, 96, 51]

MAE mean:     0.659911569639

MZE mean:     0.550221075903

Best cromosome [19, 7, 20, 29, 100, 32, 28, 7, 22, 21, 90, 36, 71, 18, 91, 67, 98, 88]

Best cromosome [68, 6, 32, 3, 85, 10, 51, 4, 43, 28, 46, 39, 3, 80, 89, 32, 89, 24]

Best cromosome [70, 29, 91, 25, 70, 14, 56, 6, 40, 3, 98, 10, 53, 21, 61, 88, 94, 66]

Best cromosome [69, 1, 10, 61, 76, 41, 51, 1, 37, 49, 25, 15, 3, 81, 50, 61, 98, 16]

Best cromosome [99, 30, 16, 43, 94, 51, 89, 5, 85, 2, 52, 3, 6, 39, 80, 45, 88, 33]

Best cromosome [89, 0, 29, 38, 89, 60, 84, 4, 8, 11, 51, 26, 20, 94, 52, 88, 96, 6]

Best cromosome [73, 18, 88, 13, 66, 29, 88, 3, 50, 7, 60, 87, 4, 71, 84, 27, 94, 8]

Best cromosome [83, 13, 35, 75, 99, 11, 3, 19, 15, 70, 97, 4, 79, 18, 96, 25, 83, 69]

Best cromosome [96, 36, 41, 53, 78, 49, 10, 2, 22, 82, 85, 14, 57, 27, 91, 60, 95, 78]

Best cromosome [43, 4, 44, 34, 77, 6, 61, 8, 55, 28, 46, 28, 41, 17, 67, 64, 99, 90]

MAE mean:     0.610611643331

MZE mean:     0.517919430115

Best cromosome [95, 38, 70, 91, 34, 4, 16, 53, 17, 25, 60, 2, 54, 26, 19, 78, 50, 15]

Best cromosome [97, 82, 54, 86, 23, 28, 3, 69, 15, 64, 83, 22, 8, 9, 41, 75, 61, 15]

Best cromosome [98, 46, 69, 89, 82, 40, 4, 62, 40, 18, 76, 6, 32, 12, 6, 77, 21, 15]

Best cromosome [95, 60, 1, 56, 3, 27, 1, 47, 37, 34, 90, 56, 26, 27, 12, 80, 40, 14]

Best cromosome [97, 96, 1, 85, 16, 4, 19, 34, 60, 89, 79, 50, 13, 25, 6, 75, 51, 12]

Best cromosome [90, 61, 89, 100, 18, 11, 12, 64, 53, 62, 68, 20, 8, 29, 14, 46, 2, 0]

Best cromosome [80, 55, 55, 57, 29, 41, 16, 62, 49, 78, 95, 8, 9, 6, 0, 98, 20, 2]

Best cromosome [93, 98, 29, 70, 3, 61, 5, 79, 49, 7, 83, 84, 1, 24, 7, 94, 70, 6]

Best cromosome [97, 99, 63, 84, 18, 73, 14, 92, 45, 57, 98, 50, 25, 28, 25, 71, 35, 25]

Best cromosome [95, 98, 81, 68, 80, 6, 7, 32, 87, 72, 58, 32, 19, 54, 0, 49, 12, 16]

MAE mean:     0.620805698845

MZE mean:     0.552456398919

Best cromosome [77, 84, 14, 21, 13, 1, 57, 97, 80, 24, 100, 46, 52, 66, 100, 42, 25, 17]

Best cromosome [62, 78, 0, 27, 17, 2, 50, 83, 32, 17, 96, 64, 100, 46, 89, 87, 15, 22]

Best cromosome [53, 73, 9, 0, 7, 0, 39, 67, 69, 8, 50, 69, 80, 33, 80, 99, 5, 25]

Best cromosome [68, 95, 10, 11, 1, 0, 30, 79, 66, 10, 39, 69, 11, 50, 93, 32, 0, 21]

Best cromosome [21, 100, 4, 15, 13, 4, 16, 83, 81, 9, 87, 79, 62, 81, 47, 73, 34, 16]

Best cromosome [0, 90, 1, 14, 11, 11, 28, 95, 64, 20, 85, 39, 45, 54, 55, 58, 14, 28]

Best cromosome [14, 92, 9, 12, 6, 25, 4, 88, 56, 12, 82, 63, 65, 66, 93, 82, 24, 48]

Best cromosome [46, 97, 16, 14, 18, 8, 33, 94, 42, 0, 96, 76, 87, 75, 92, 84, 27, 17]

Best cromosome [6, 96, 22, 30, 6, 73, 18, 82, 53, 28, 98, 47, 92, 71, 84, 83, 4, 62]

Best cromosome [40, 82, 29, 9, 25, 23, 2, 79, 98, 20, 82, 63, 89, 33, 100, 97, 12, 13]

MAE mean:     0.742458855318

MZE mean:     0.57279538197

Best cromosome [54, 84, 8, 2, 17, 0, 48, 53, 64, 3, 94, 22, 23, 31, 50, 5, 100, 43]

Best cromosome [42, 81, 27, 34, 12, 4, 5, 69, 43, 17, 79, 17, 59, 29, 64, 4, 94, 23]

Best cromosome [60, 90, 60, 3, 25, 2, 7, 64, 54, 15, 84, 10, 43, 53, 26, 13, 88, 15]

Best cromosome [76, 85, 24, 37, 0, 25, 37, 55, 20, 67, 95, 8, 0, 32, 81, 2, 85, 17]

Best cromosome [68, 49, 44, 8, 16, 8, 40, 53, 60, 6, 93, 31, 16, 60, 68, 15, 98, 45]

Best cromosome [75, 57, 5, 27, 11, 31, 22, 49, 39, 23, 100, 24, 19, 1, 54, 17, 96, 18]

Best cromosome [80, 50, 48, 20, 0, 30, 38, 58, 52, 12, 91, 29, 6, 20, 62, 8, 97, 27]

Best cromosome [94, 54, 52, 30, 1, 42, 6, 66, 47, 2, 92, 22, 18, 52, 41, 28, 89, 19]

Best cromosome [90, 49, 63, 64, 0, 5, 6, 76, 52, 38, 100, 27, 28, 49, 10, 23, 88, 2]

Best cromosome [95, 46, 60, 37, 2, 77, 23, 48, 52, 10, 97, 16, 14, 55, 32, 6, 98, 21]

MAE mean:     0.48936379268

MZE mean:     0.418582657824

