Best cromosome [5, 77, 3, 51, 5, 48, 43, 96, 17, 34, 98, 7, 2, 100, 32, 71, 76, 5]

Best cromosome [1, 96, 16, 48, 19, 47, 9, 98, 58, 34, 72, 18, 6, 78, 25, 54, 69, 30]

Best cromosome [0, 71, 1, 80, 0, 2, 3, 94, 12, 23, 75, 14, 10, 84, 49, 60, 91, 6]

Best cromosome [11, 78, 0, 28, 15, 28, 21, 97, 31, 46, 99, 17, 19, 74, 44, 91, 65, 20]

Best cromosome [0, 83, 7, 51, 25, 29, 37, 87, 36, 46, 86, 21, 6, 81, 49, 72, 84, 0]

Best cromosome [18, 62, 1, 28, 16, 27, 13, 91, 47, 1, 100, 11, 37, 73, 81, 72, 99, 7]

Best cromosome [10, 86, 7, 48, 2, 56, 38, 86, 40, 33, 98, 16, 15, 95, 36, 79, 90, 5]

Best cromosome [7, 91, 6, 57, 3, 6, 11, 94, 29, 72, 89, 50, 2, 99, 62, 55, 67, 2]

Best cromosome [9, 67, 12, 20, 1, 46, 37, 90, 33, 4, 80, 8, 17, 71, 51, 96, 63, 14]

Best cromosome [6, 98, 6, 52, 9, 45, 20, 95, 24, 57, 96, 39, 5, 85, 33, 48, 74, 16]

MAE mean:     1.57473889702

MZE mean:     0.748545632016

Best cromosome [99, 8, 34, 70, 2, 3, 10, 57, 13, 3, 75, 1, 25, 40, 2, 98, 83, 3]

Best cromosome [99, 2, 26, 67, 3, 0, 3, 72, 2, 17, 95, 13, 0, 39, 16, 100, 89, 11]

Best cromosome [76, 4, 33, 3, 26, 1, 3, 1, 68, 11, 76, 24, 2, 21, 28, 77, 98, 8]

Best cromosome [95, 16, 33, 12, 22, 5, 0, 42, 10, 6, 27, 4, 14, 31, 6, 97, 87, 6]

Best cromosome [83, 9, 4, 9, 80, 38, 9, 53, 4, 21, 5, 3, 13, 31, 45, 90, 100, 2]

Best cromosome [100, 14, 25, 35, 18, 15, 2, 39, 5, 2, 65, 17, 14, 33, 26, 77, 96, 1]

Best cromosome [97, 2, 83, 20, 8, 21, 3, 33, 1, 10, 83, 7, 10, 76, 75, 97, 100, 5]

Best cromosome [92, 2, 67, 10, 33, 13, 4, 42, 24, 2, 67, 3, 10, 35, 4, 94, 94, 4]

Best cromosome [90, 4, 79, 24, 10, 7, 1, 73, 23, 8, 99, 2, 8, 24, 4, 97, 96, 4]

Best cromosome [80, 0, 34, 14, 5, 2, 1, 7, 39, 7, 58, 2, 5, 5, 11, 69, 92, 16]

MAE mean:     1.63743289409

MZE mean:     0.7565397755

Best cromosome [8, 34, 63, 12, 13, 16, 16, 68, 2, 9, 30, 1, 62, 7, 96, 98, 32, 35]

Best cromosome [11, 65, 44, 92, 89, 14, 14, 46, 42, 8, 56, 9, 82, 9, 59, 75, 59, 22]

Best cromosome [28, 71, 50, 0, 2, 16, 51, 99, 0, 30, 30, 6, 83, 0, 74, 100, 5, 17]

Best cromosome [10, 46, 42, 80, 96, 2, 25, 62, 0, 7, 59, 19, 92, 11, 32, 81, 56, 15]

Best cromosome [34, 38, 28, 96, 87, 34, 27, 91, 5, 60, 32, 21, 10, 1, 40, 50, 88, 79]

Best cromosome [14, 37, 74, 10, 15, 2, 22, 76, 18, 21, 37, 8, 85, 17, 98, 100, 30, 34]

Best cromosome [11, 14, 53, 12, 23, 25, 48, 85, 9, 4, 32, 0, 65, 6, 100, 97, 23, 16]

Best cromosome [7, 50, 44, 21, 7, 10, 20, 56, 12, 9, 14, 0, 83, 10, 92, 98, 0, 23]

Best cromosome [30, 12, 3, 35, 0, 22, 14, 80, 0, 12, 99, 9, 84, 3, 0, 95, 58, 17]

Best cromosome [22, 48, 3, 99, 100, 26, 5, 64, 31, 4, 60, 11, 89, 1, 14, 96, 61, 16]

MAE mean:     1.56070766227

MZE mean:     0.768301610542

Best cromosome [31, 69, 3, 32, 0, 57, 2, 13, 14, 33, 75, 68, 6, 12, 28, 95, 28, 20]

Best cromosome [15, 84, 23, 4, 1, 28, 4, 5, 9, 77, 87, 28, 1, 8, 14, 90, 23, 24]

Best cromosome [30, 69, 1, 15, 15, 35, 9, 6, 10, 72, 99, 54, 21, 4, 5, 100, 21, 10]

Best cromosome [14, 99, 36, 35, 4, 69, 30, 8, 3, 0, 90, 12, 53, 13, 80, 86, 25, 20]

Best cromosome [40, 95, 75, 53, 5, 41, 40, 2, 1, 18, 93, 36, 62, 13, 2, 100, 0, 11]

Best cromosome [17, 81, 15, 19, 0, 24, 18, 21, 0, 71, 100, 40, 29, 28, 2, 100, 14, 27]

Best cromosome [10, 82, 28, 27, 1, 9, 1, 1, 0, 1, 87, 14, 9, 11, 11, 99, 11, 55]

Best cromosome [1, 97, 35, 67, 1, 34, 56, 3, 17, 62, 97, 48, 30, 26, 10, 94, 13, 40]

Best cromosome [15, 96, 47, 34, 3, 73, 3, 5, 1, 5, 90, 52, 1, 14, 24, 95, 39, 51]

Best cromosome [46, 95, 56, 61, 5, 55, 32, 1, 5, 2, 77, 27, 9, 22, 1, 85, 13, 46]

MAE mean:     1.58751098097

MZE mean:     0.766476329917

Best cromosome [7, 87, 20, 95, 2, 17, 12, 93, 79, 1, 54, 33, 65, 0, 45, 73, 0, 43]

Best cromosome [50, 98, 13, 66, 42, 18, 3, 92, 94, 18, 64, 30, 88, 9, 64, 83, 2, 56]

Best cromosome [35, 78, 0, 50, 28, 21, 3, 90, 71, 17, 45, 9, 62, 0, 40, 74, 10, 45]

Best cromosome [55, 97, 4, 65, 33, 1, 3, 97, 89, 22, 62, 12, 59, 0, 71, 79, 0, 19]

Best cromosome [65, 79, 26, 93, 21, 10, 25, 99, 99, 31, 87, 31, 41, 0, 56, 69, 8, 39]

Best cromosome [53, 85, 24, 100, 27, 5, 5, 98, 98, 42, 100, 26, 77, 1, 68, 60, 15, 42]

Best cromosome [70, 91, 38, 55, 7, 12, 34, 85, 99, 1, 87, 74, 45, 3, 13, 46, 27, 49]

Best cromosome [59, 81, 2, 38, 5, 9, 5, 89, 49, 5, 67, 15, 87, 0, 10, 92, 8, 48]

Best cromosome [49, 97, 3, 13, 0, 15, 12, 77, 59, 1, 81, 9, 88, 6, 78, 100, 40, 72]

Best cromosome [39, 92, 9, 70, 8, 22, 20, 97, 66, 11, 58, 42, 44, 9, 30, 61, 2, 42]

MAE mean:     1.4840068326

MZE mean:     0.756852122987

