Best cromosome [49, 16, 3, 6, 5, 2, 8, 97, 64, 35, 78, 94, 73, 36, 77, 94, 1, 89]

Best cromosome [84, 27, 1, 4, 5, 0, 3, 72, 42, 61, 99, 99, 84, 78, 79, 18, 15, 74]

Best cromosome [76, 4, 12, 7, 9, 43, 9, 29, 8, 0, 87, 93, 78, 71, 72, 13, 4, 59]

Best cromosome [68, 22, 17, 4, 15, 8, 24, 73, 5, 0, 76, 94, 91, 22, 28, 99, 9, 70]

Best cromosome [59, 90, 45, 11, 13, 22, 3, 58, 93, 93, 18, 84, 80, 2, 68, 13, 36, 93]

Best cromosome [86, 5, 1, 1, 6, 36, 4, 49, 49, 9, 93, 95, 81, 51, 96, 35, 15, 56]

Best cromosome [57, 20, 10, 5, 2, 21, 14, 82, 73, 11, 73, 98, 83, 53, 64, 95, 8, 94]

Best cromosome [93, 2, 26, 1, 5, 25, 3, 56, 18, 10, 97, 90, 40, 81, 37, 34, 2, 90]

Best cromosome [90, 33, 0, 1, 0, 26, 7, 58, 62, 0, 84, 100, 84, 14, 51, 39, 2, 100]

Best cromosome [45, 6, 5, 9, 17, 3, 1, 83, 76, 5, 89, 98, 50, 51, 57, 66, 11, 79]

MAE mean:     1.47968950418

MZE mean:     0.73827236941

Best cromosome [87, 73, 95, 55, 51, 74, 70, 65, 17, 88, 55, 83, 10, 76, 31, 45, 65, 82]

Best cromosome [78, 88, 78, 12, 18, 72, 31, 78, 10, 42, 39, 98, 29, 78, 16, 8, 45, 100]

Best cromosome [76, 61, 68, 14, 22, 48, 12, 77, 15, 63, 87, 93, 13, 79, 16, 15, 32, 87]

Best cromosome [88, 77, 91, 35, 20, 80, 69, 81, 9, 64, 49, 86, 28, 100, 32, 4, 64, 100]

Best cromosome [65, 79, 70, 37, 16, 92, 98, 71, 14, 73, 14, 47, 6, 88, 24, 66, 56, 84]

Best cromosome [68, 41, 71, 45, 0, 89, 26, 65, 31, 51, 76, 100, 19, 62, 7, 35, 75, 94]

Best cromosome [21, 51, 64, 72, 24, 86, 68, 65, 33, 49, 29, 45, 4, 54, 30, 81, 44, 64]

Best cromosome [84, 27, 52, 22, 4, 66, 12, 80, 22, 62, 83, 68, 8, 58, 20, 53, 70, 90]

Best cromosome [89, 31, 42, 28, 7, 59, 33, 65, 16, 78, 98, 74, 14, 73, 43, 42, 65, 83]

Best cromosome [84, 92, 74, 29, 9, 53, 63, 61, 7, 79, 40, 89, 33, 80, 27, 22, 59, 89]

MAE mean:     1.58735017029

MZE mean:     0.780149497988

Best cromosome [15, 39, 50, 68, 71, 4, 50, 81, 67, 7, 94, 100, 0, 76, 2, 98, 57, 0]

Best cromosome [14, 4, 86, 92, 59, 6, 59, 60, 97, 2, 100, 83, 0, 77, 19, 100, 87, 22]

Best cromosome [67, 84, 89, 41, 79, 1, 62, 36, 89, 2, 51, 96, 10, 56, 7, 38, 58, 9]

Best cromosome [74, 22, 36, 38, 43, 16, 75, 83, 51, 34, 87, 55, 6, 48, 0, 77, 95, 24]

Best cromosome [83, 85, 86, 51, 59, 10, 97, 91, 92, 6, 72, 92, 4, 79, 17, 74, 92, 4]

Best cromosome [86, 81, 78, 52, 29, 1, 85, 94, 64, 2, 50, 84, 13, 54, 11, 69, 87, 1]

Best cromosome [79, 12, 100, 81, 57, 10, 81, 27, 70, 15, 91, 84, 4, 57, 1, 39, 44, 15]

Best cromosome [94, 73, 83, 98, 31, 29, 17, 73, 47, 6, 83, 80, 61, 18, 8, 35, 12, 23]

Best cromosome [30, 12, 93, 67, 57, 14, 59, 18, 82, 1, 99, 90, 16, 75, 23, 71, 41, 5]

Best cromosome [23, 0, 46, 85, 15, 14, 49, 11, 77, 13, 74, 74, 0, 53, 5, 88, 58, 26]

MAE mean:     1.48553673316

MZE mean:     0.760909372374

Best cromosome [22, 89, 25, 86, 95, 25, 44, 56, 31, 19, 33, 92, 29, 99, 23, 51, 88, 27]

Best cromosome [32, 86, 0, 46, 83, 0, 19, 4, 9, 3, 60, 77, 4, 100, 0, 12, 76, 30]

Best cromosome [10, 85, 20, 58, 98, 6, 2, 31, 12, 56, 30, 89, 33, 84, 35, 33, 81, 15]

Best cromosome [30, 89, 13, 56, 93, 27, 19, 7, 10, 2, 51, 100, 38, 99, 7, 22, 73, 28]

Best cromosome [38, 85, 12, 66, 83, 60, 9, 23, 42, 14, 48, 96, 1, 67, 16, 33, 78, 18]

Best cromosome [49, 85, 11, 38, 96, 6, 9, 38, 47, 3, 14, 94, 50, 44, 7, 56, 98, 23]

Best cromosome [16, 94, 58, 81, 89, 18, 50, 25, 29, 0, 36, 99, 65, 78, 6, 19, 58, 8]

Best cromosome [19, 66, 32, 62, 91, 42, 12, 31, 22, 8, 51, 85, 35, 95, 10, 34, 80, 22]

Best cromosome [36, 88, 35, 72, 67, 44, 31, 18, 40, 14, 48, 86, 16, 57, 7, 32, 55, 41]

Best cromosome [22, 95, 37, 89, 100, 38, 53, 60, 40, 45, 37, 96, 0, 94, 1, 41, 91, 4]

MAE mean:     1.49947808395

MZE mean:     0.753443319032

Best cromosome [78, 92, 99, 7, 34, 37, 48, 67, 11, 11, 11, 100, 13, 36, 56, 86, 38, 4]

Best cromosome [55, 87, 100, 19, 27, 29, 16, 43, 41, 24, 6, 90, 30, 93, 24, 99, 46, 29]

Best cromosome [53, 86, 93, 15, 29, 1, 18, 52, 0, 5, 35, 96, 43, 67, 38, 80, 9, 5]

Best cromosome [77, 78, 99, 4, 12, 25, 56, 71, 21, 14, 34, 90, 17, 34, 39, 97, 39, 13]

Best cromosome [80, 96, 99, 1, 22, 1, 25, 39, 62, 61, 17, 81, 41, 40, 46, 98, 58, 20]

Best cromosome [80, 85, 97, 42, 15, 6, 29, 36, 22, 20, 4, 100, 29, 82, 40, 68, 56, 16]

Best cromosome [49, 48, 95, 10, 11, 15, 34, 48, 28, 24, 5, 78, 5, 31, 60, 89, 20, 5]

Best cromosome [73, 100, 97, 23, 20, 0, 38, 5, 63, 67, 24, 91, 13, 38, 58, 92, 35, 19]

Best cromosome [82, 91, 98, 5, 26, 6, 53, 90, 0, 8, 17, 97, 29, 42, 60, 98, 37, 40]

Best cromosome [82, 72, 98, 15, 4, 10, 49, 54, 28, 4, 5, 93, 14, 35, 55, 99, 37, 19]

MAE mean:     1.48002123048

MZE mean:     0.76443009421

