Best cromosome [37, 92, 20, 48, 13, 52, 16, 30, 1, 55, 55, 21, 15, 87, 0, 94, 79, 40]

Best cromosome [73, 85, 0, 2, 25, 6, 2, 95, 15, 67, 71, 2, 60, 59, 5, 97, 90, 32]

Best cromosome [92, 35, 50, 34, 21, 40, 49, 1, 31, 20, 85, 40, 80, 21, 55, 96, 57, 50]

Best cromosome [57, 86, 36, 46, 15, 31, 5, 28, 5, 65, 87, 21, 10, 50, 18, 99, 38, 20]

Best cromosome [16, 96, 28, 58, 20, 92, 0, 35, 3, 10, 83, 8, 9, 80, 32, 100, 78, 43]

Best cromosome [14, 14, 5, 78, 3, 84, 12, 45, 21, 40, 79, 35, 11, 17, 40, 88, 83, 25]

Best cromosome [75, 97, 5, 19, 8, 38, 4, 54, 0, 12, 87, 7, 31, 19, 39, 94, 71, 21]

Best cromosome [51, 51, 17, 16, 21, 79, 5, 13, 27, 7, 77, 3, 7, 54, 8, 94, 62, 26]

Best cromosome [82, 78, 59, 44, 25, 49, 3, 51, 31, 46, 85, 4, 11, 10, 18, 96, 86, 28]

Best cromosome [15, 35, 2, 1, 46, 21, 24, 13, 7, 61, 99, 22, 27, 22, 11, 85, 37, 65]

MAE mean:     1.2052

MZE mean:     0.7524

Best cromosome [11, 31, 99, 4, 12, 77, 82, 16, 64, 11, 74, 4, 61, 29, 95, 21, 53, 72]

Best cromosome [16, 22, 96, 0, 0, 65, 98, 53, 15, 26, 67, 7, 97, 55, 100, 22, 26, 93]

Best cromosome [3, 4, 77, 0, 17, 39, 64, 38, 61, 44, 48, 12, 75, 26, 93, 49, 25, 96]

Best cromosome [3, 8, 72, 9, 9, 5, 74, 38, 68, 61, 47, 8, 41, 21, 99, 35, 19, 96]

Best cromosome [2, 35, 92, 10, 25, 20, 86, 57, 14, 49, 77, 5, 47, 21, 98, 24, 54, 93]

Best cromosome [20, 28, 78, 0, 5, 32, 82, 60, 33, 46, 36, 6, 75, 46, 96, 31, 15, 58]

Best cromosome [4, 1, 96, 5, 8, 36, 89, 83, 49, 19, 50, 6, 69, 10, 80, 82, 47, 75]

Best cromosome [11, 36, 100, 1, 14, 37, 87, 26, 20, 43, 27, 28, 64, 29, 96, 65, 41, 96]

Best cromosome [13, 44, 91, 6, 7, 56, 92, 71, 43, 3, 8, 5, 46, 14, 99, 62, 31, 87]

Best cromosome [4, 15, 73, 13, 8, 34, 99, 10, 69, 73, 61, 1, 78, 17, 96, 52, 58, 99]

MAE mean:     1.132

MZE mean:     0.696

Best cromosome [51, 80, 73, 1, 1, 4, 12, 14, 14, 10, 86, 5, 87, 0, 91, 95, 75, 5]

Best cromosome [29, 93, 72, 1, 13, 14, 48, 4, 3, 3, 97, 19, 77, 3, 93, 97, 83, 6]

Best cromosome [49, 91, 16, 42, 20, 22, 96, 17, 54, 0, 98, 10, 95, 11, 90, 71, 68, 92]

Best cromosome [51, 80, 33, 4, 7, 8, 0, 12, 0, 2, 55, 8, 92, 2, 14, 98, 41, 1]

Best cromosome [21, 97, 55, 30, 6, 0, 19, 0, 4, 13, 76, 9, 78, 2, 68, 96, 91, 4]

Best cromosome [61, 82, 81, 17, 0, 0, 12, 18, 10, 13, 87, 0, 75, 5, 93, 92, 66, 10]

Best cromosome [31, 95, 58, 11, 3, 7, 36, 15, 0, 12, 91, 0, 98, 4, 92, 91, 94, 17]

Best cromosome [11, 85, 67, 1, 0, 13, 10, 14, 0, 6, 95, 23, 98, 6, 92, 92, 100, 4]

Best cromosome [22, 94, 81, 13, 6, 7, 55, 2, 5, 10, 39, 5, 76, 0, 82, 95, 99, 5]

Best cromosome [43, 83, 52, 23, 9, 7, 59, 7, 21, 16, 49, 1, 92, 9, 51, 98, 99, 4]

MAE mean:     1.2168

MZE mean:     0.7648

Best cromosome [99, 27, 38, 70, 94, 70, 14, 21, 11, 51, 92, 2, 16, 77, 85, 80, 28, 23]

Best cromosome [94, 25, 60, 55, 68, 67, 3, 29, 1, 47, 91, 13, 30, 89, 92, 70, 35, 11]

Best cromosome [96, 65, 91, 74, 37, 66, 26, 3, 31, 52, 65, 15, 6, 94, 78, 49, 17, 1]

Best cromosome [93, 4, 53, 51, 55, 67, 0, 3, 8, 63, 91, 33, 29, 99, 82, 99, 16, 37]

Best cromosome [83, 18, 88, 42, 83, 65, 7, 5, 24, 67, 70, 37, 2, 66, 98, 62, 40, 1]

Best cromosome [79, 12, 45, 25, 83, 95, 0, 8, 0, 63, 93, 34, 27, 90, 59, 96, 2, 27]

Best cromosome [94, 13, 47, 19, 30, 100, 1, 11, 8, 1, 69, 66, 16, 64, 89, 59, 30, 20]

Best cromosome [84, 14, 35, 33, 73, 53, 4, 19, 5, 60, 77, 13, 26, 89, 97, 85, 28, 0]

Best cromosome [97, 34, 44, 87, 15, 99, 1, 10, 11, 26, 62, 36, 11, 42, 98, 99, 6, 20]

Best cromosome [74, 5, 39, 23, 76, 95, 11, 7, 5, 28, 71, 1, 1, 77, 86, 64, 17, 4]

MAE mean:     1.2864

MZE mean:     0.7488

Best cromosome [38, 100, 65, 85, 99, 19, 13, 89, 13, 10, 6, 11, 55, 47, 6, 15, 9, 51]

Best cromosome [6, 90, 10, 53, 74, 31, 26, 67, 4, 3, 20, 5, 35, 64, 5, 14, 71, 53]

Best cromosome [27, 100, 13, 0, 99, 8, 25, 83, 0, 18, 12, 39, 73, 73, 27, 29, 23, 49]

Best cromosome [90, 35, 0, 37, 98, 4, 1, 97, 5, 2, 10, 0, 100, 13, 18, 0, 53, 82]

Best cromosome [29, 89, 25, 41, 88, 0, 30, 53, 3, 32, 21, 14, 37, 73, 6, 17, 20, 45]

Best cromosome [97, 100, 50, 17, 98, 23, 12, 98, 57, 0, 8, 32, 89, 58, 12, 20, 14, 53]

Best cromosome [40, 74, 42, 27, 71, 11, 61, 87, 38, 10, 5, 36, 93, 0, 36, 29, 22, 78]

Best cromosome [94, 83, 10, 27, 74, 11, 10, 99, 11, 29, 9, 26, 92, 60, 30, 13, 16, 95]

Best cromosome [42, 95, 6, 3, 96, 18, 22, 94, 80, 5, 21, 32, 77, 10, 4, 2, 20, 88]

Best cromosome [37, 87, 18, 46, 92, 0, 31, 97, 36, 6, 14, 21, 95, 22, 18, 15, 47, 73]

MAE mean:     1.2612

MZE mean:     0.776

