Best cromosome [97, 46, 0, 60, 62, 80, 45, 37, 47, 92, 11, 22, 49, 96, 64, 29, 3, 7]

Best cromosome [96, 6, 18, 14, 80, 90, 2, 3, 79, 84, 21, 36, 50, 65, 67, 31, 9, 15]

Best cromosome [76, 6, 9, 18, 93, 84, 18, 1, 69, 77, 51, 23, 52, 86, 65, 8, 5, 11]

Best cromosome [93, 6, 13, 35, 56, 92, 21, 63, 66, 94, 54, 6, 29, 95, 69, 2, 9, 3]

Best cromosome [89, 11, 5, 51, 56, 95, 3, 48, 86, 99, 78, 1, 43, 97, 75, 9, 23, 33]

Best cromosome [76, 89, 11, 92, 16, 82, 25, 18, 6, 95, 41, 59, 31, 43, 88, 72, 15, 56]

Best cromosome [85, 67, 7, 66, 28, 90, 59, 46, 5, 85, 18, 7, 34, 4, 56, 100, 1, 18]

Best cromosome [95, 97, 12, 57, 7, 61, 28, 51, 44, 94, 50, 33, 68, 8, 34, 89, 5, 24]

Best cromosome [99, 55, 4, 36, 62, 72, 26, 22, 55, 82, 11, 35, 38, 66, 21, 19, 4, 4]

Best cromosome [97, 44, 10, 51, 43, 81, 7, 9, 3, 82, 66, 93, 9, 4, 53, 77, 12, 16]

MAE mean:     0.545762711864

MZE mean:     0.477966101695

Best cromosome [83, 20, 34, 72, 25, 11, 71, 89, 71, 79, 0, 91, 16, 40, 6, 26, 31, 9]

Best cromosome [99, 7, 72, 81, 89, 14, 89, 91, 75, 60, 20, 94, 26, 83, 17, 57, 93, 15]

Best cromosome [94, 7, 48, 40, 74, 6, 55, 60, 70, 21, 68, 69, 40, 46, 30, 22, 17, 59]

Best cromosome [90, 2, 83, 55, 86, 10, 72, 79, 69, 23, 19, 82, 35, 79, 30, 68, 72, 12]

Best cromosome [83, 7, 63, 83, 80, 76, 89, 83, 71, 16, 22, 98, 6, 78, 88, 12, 88, 35]

Best cromosome [92, 3, 62, 60, 37, 14, 87, 98, 95, 25, 33, 95, 8, 17, 14, 17, 53, 1]

Best cromosome [95, 0, 79, 19, 90, 29, 64, 91, 57, 31, 38, 49, 19, 71, 21, 18, 26, 18]

Best cromosome [50, 1, 17, 78, 39, 37, 77, 94, 100, 7, 14, 83, 3, 26, 1, 38, 56, 19]

Best cromosome [95, 3, 43, 57, 68, 24, 99, 94, 85, 16, 13, 89, 29, 89, 11, 2, 50, 54]

Best cromosome [90, 2, 56, 38, 100, 38, 52, 88, 42, 10, 35, 88, 4, 20, 12, 56, 25, 28]

MAE mean:     0.410169491525

MZE mean:     0.376271186441

Best cromosome [91, 89, 6, 98, 1, 20, 13, 78, 38, 6, 100, 20, 16, 2, 24, 91, 3, 33]

Best cromosome [94, 84, 0, 92, 18, 0, 9, 75, 6, 15, 87, 26, 9, 3, 19, 97, 9, 28]

Best cromosome [85, 48, 1, 94, 0, 22, 19, 56, 31, 8, 83, 36, 10, 0, 23, 99, 2, 2]

Best cromosome [75, 34, 8, 81, 2, 16, 18, 46, 33, 4, 72, 15, 0, 0, 1, 93, 4, 17]

Best cromosome [88, 40, 0, 88, 0, 17, 9, 35, 9, 4, 68, 47, 11, 5, 7, 98, 0, 16]

Best cromosome [88, 71, 13, 82, 0, 9, 21, 46, 31, 22, 76, 70, 0, 2, 5, 99, 2, 0]

Best cromosome [95, 51, 4, 96, 10, 6, 8, 62, 43, 24, 87, 25, 13, 0, 11, 91, 2, 18]

Best cromosome [83, 47, 6, 81, 6, 37, 62, 94, 10, 26, 64, 87, 49, 14, 1, 98, 18, 17]

Best cromosome [99, 74, 2, 72, 4, 15, 3, 92, 33, 0, 70, 51, 1, 0, 5, 95, 12, 11]

Best cromosome [97, 34, 2, 100, 2, 9, 26, 7, 5, 18, 97, 98, 15, 6, 13, 88, 21, 18]

MAE mean:     0.496610169492

MZE mean:     0.438983050847

Best cromosome [83, 20, 97, 45, 19, 3, 2, 2, 1, 48, 68, 14, 63, 16, 32, 31, 91, 95]

Best cromosome [97, 30, 31, 47, 46, 34, 10, 3, 21, 50, 55, 2, 7, 20, 29, 5, 80, 93]

Best cromosome [95, 0, 67, 34, 85, 39, 9, 34, 6, 14, 80, 1, 16, 46, 30, 46, 94, 99]

Best cromosome [99, 36, 64, 38, 59, 27, 14, 7, 11, 30, 50, 8, 7, 23, 11, 48, 67, 93]

Best cromosome [100, 29, 82, 18, 45, 4, 8, 30, 4, 49, 69, 11, 16, 40, 4, 47, 85, 100]

Best cromosome [90, 23, 76, 11, 44, 13, 4, 3, 6, 2, 42, 0, 19, 18, 43, 24, 79, 93]

Best cromosome [94, 6, 97, 63, 77, 33, 6, 11, 25, 17, 83, 1, 29, 2, 26, 53, 87, 100]

Best cromosome [100, 35, 78, 12, 22, 18, 1, 3, 10, 13, 44, 3, 50, 10, 2, 34, 64, 95]

Best cromosome [100, 26, 81, 80, 57, 47, 0, 10, 33, 4, 99, 3, 14, 46, 37, 20, 99, 100]

Best cromosome [99, 18, 91, 44, 73, 30, 8, 16, 1, 7, 95, 9, 26, 24, 11, 4, 84, 94]

MAE mean:     0.35593220339

MZE mean:     0.320338983051

Best cromosome [95, 50, 74, 58, 15, 77, 19, 86, 24, 41, 5, 75, 12, 95, 1, 15, 29, 72]

Best cromosome [82, 42, 92, 3, 34, 88, 31, 51, 16, 53, 10, 95, 82, 98, 66, 5, 43, 25]

Best cromosome [95, 12, 66, 29, 22, 26, 27, 68, 40, 48, 16, 99, 9, 88, 30, 11, 5, 99]

Best cromosome [100, 77, 69, 86, 93, 47, 34, 98, 21, 21, 12, 53, 29, 96, 7, 5, 90, 56]

Best cromosome [74, 47, 58, 66, 49, 56, 30, 78, 2, 57, 8, 64, 69, 76, 1, 5, 38, 29]

Best cromosome [97, 2, 60, 0, 56, 8, 17, 65, 18, 47, 5, 83, 3, 92, 0, 64, 44, 98]

Best cromosome [94, 2, 58, 9, 32, 85, 18, 85, 28, 47, 13, 87, 5, 84, 10, 18, 50, 85]

Best cromosome [96, 27, 80, 66, 72, 73, 5, 95, 39, 67, 22, 99, 69, 89, 20, 1, 38, 70]

Best cromosome [95, 25, 63, 32, 49, 10, 54, 50, 51, 60, 8, 70, 9, 92, 1, 16, 49, 80]

Best cromosome [76, 6, 68, 26, 59, 16, 26, 50, 43, 16, 3, 81, 4, 78, 30, 2, 25, 89]

MAE mean:     0.477966101695

MZE mean:     0.433898305085

