Best cromosome [0, 100, 17, 20, 51, 11, 26, 8, 13, 88, 83, 21, 2, 86, 0, 94, 17, 2]

Best cromosome [1, 97, 8, 42, 31, 0, 1, 3, 10, 84, 66, 19, 3, 83, 3, 95, 18, 6]

Best cromosome [3, 100, 1, 2, 21, 2, 3, 1, 14, 77, 85, 57, 16, 100, 4, 96, 30, 6]

Best cromosome [8, 99, 19, 61, 5, 5, 7, 11, 33, 97, 66, 96, 7, 97, 54, 89, 44, 1]

Best cromosome [2, 91, 18, 13, 17, 4, 3, 4, 25, 82, 48, 33, 9, 88, 2, 97, 9, 1]

Best cromosome [1, 72, 5, 16, 52, 0, 14, 8, 7, 95, 8, 97, 2, 75, 18, 47, 59, 1]

Best cromosome [5, 94, 5, 15, 2, 15, 4, 1, 25, 87, 13, 34, 44, 82, 5, 81, 19, 2]

Best cromosome [2, 90, 3, 57, 21, 9, 11, 1, 5, 96, 98, 57, 0, 96, 32, 85, 13, 0]

Best cromosome [6, 100, 3, 34, 35, 9, 6, 4, 28, 82, 90, 13, 9, 80, 8, 99, 19, 1]

Best cromosome [2, 98, 0, 17, 8, 3, 16, 7, 4, 78, 70, 1, 9, 93, 1, 67, 7, 0]

MAE mean:     0.0398148148148

MZE mean:     0.0386574074074

Best cromosome [5, 92, 4, 5, 22, 4, 13, 4, 19, 1, 36, 71, 8, 95, 48, 51, 15, 4]

Best cromosome [6, 96, 8, 50, 4, 2, 31, 5, 8, 32, 52, 94, 38, 99, 79, 81, 4, 8]

Best cromosome [3, 100, 3, 17, 0, 6, 47, 8, 7, 65, 49, 83, 36, 100, 59, 84, 36, 2]

Best cromosome [4, 90, 1, 83, 5, 9, 45, 3, 6, 41, 98, 79, 26, 95, 56, 87, 27, 1]

Best cromosome [0, 96, 5, 13, 0, 18, 32, 4, 30, 14, 47, 84, 9, 99, 17, 30, 31, 2]

Best cromosome [2, 92, 1, 16, 11, 1, 14, 10, 0, 9, 44, 83, 31, 97, 35, 64, 5, 1]

Best cromosome [10, 99, 10, 45, 8, 3, 34, 1, 6, 23, 79, 76, 3, 100, 31, 33, 11, 6]

Best cromosome [7, 87, 14, 44, 25, 0, 1, 11, 11, 35, 64, 77, 22, 89, 49, 28, 18, 0]

Best cromosome [11, 100, 2, 78, 5, 1, 25, 0, 29, 55, 92, 86, 16, 100, 57, 72, 41, 5]

Best cromosome [8, 92, 3, 44, 9, 2, 11, 2, 22, 28, 34, 49, 11, 93, 55, 51, 18, 8]

MAE mean:     0.0291666666667

MZE mean:     0.024537037037

Best cromosome [7, 100, 24, 4, 7, 1, 2, 15, 14, 53, 100, 46, 10, 37, 5, 66, 50, 15]

Best cromosome [0, 97, 35, 4, 5, 10, 26, 21, 51, 99, 94, 28, 0, 29, 32, 63, 94, 15]

Best cromosome [3, 96, 9, 25, 5, 0, 9, 15, 50, 14, 94, 2, 15, 46, 4, 69, 60, 9]

Best cromosome [11, 99, 36, 35, 0, 10, 13, 15, 57, 39, 95, 6, 23, 53, 10, 79, 73, 1]

Best cromosome [4, 97, 42, 8, 22, 4, 18, 10, 62, 52, 97, 9, 10, 56, 38, 98, 67, 1]

Best cromosome [0, 89, 11, 8, 21, 2, 8, 1, 65, 16, 94, 31, 13, 56, 38, 45, 51, 0]

Best cromosome [10, 98, 30, 18, 6, 15, 18, 5, 90, 58, 97, 8, 1, 81, 7, 89, 69, 2]

Best cromosome [7, 100, 6, 15, 14, 0, 5, 13, 59, 60, 98, 23, 2, 56, 7, 88, 86, 0]

Best cromosome [1, 100, 33, 34, 4, 1, 2, 11, 55, 77, 99, 23, 11, 27, 20, 86, 95, 4]

Best cromosome [1, 100, 52, 9, 2, 2, 19, 30, 42, 88, 97, 1, 3, 81, 12, 90, 22, 21]

MAE mean:     0.0365740740741

MZE mean:     0.0342592592593

Best cromosome [1, 95, 9, 19, 0, 9, 15, 4, 11, 95, 58, 31, 2, 75, 48, 90, 89, 11]

Best cromosome [11, 100, 24, 59, 39, 10, 9, 4, 6, 90, 60, 13, 4, 57, 0, 97, 92, 3]

Best cromosome [7, 98, 0, 77, 29, 6, 12, 4, 0, 60, 16, 0, 13, 63, 13, 82, 92, 22]

Best cromosome [8, 95, 0, 24, 50, 15, 2, 11, 4, 69, 51, 12, 0, 62, 0, 91, 93, 1]

Best cromosome [20, 92, 5, 6, 44, 8, 18, 4, 1, 60, 72, 0, 6, 67, 6, 77, 89, 4]

Best cromosome [2, 85, 5, 16, 81, 6, 6, 23, 0, 27, 38, 0, 5, 36, 2, 73, 81, 0]

Best cromosome [3, 100, 9, 9, 8, 15, 13, 14, 5, 51, 83, 6, 4, 54, 5, 43, 90, 8]

Best cromosome [12, 97, 21, 1, 42, 4, 20, 16, 9, 100, 64, 46, 2, 83, 36, 84, 97, 0]

Best cromosome [15, 100, 2, 41, 17, 1, 7, 0, 3, 75, 90, 3, 1, 75, 35, 99, 97, 0]

Best cromosome [5, 94, 0, 30, 84, 9, 5, 16, 4, 61, 33, 13, 0, 49, 5, 84, 95, 4]

MAE mean:     0.0314814814815

MZE mean:     0.0314814814815

Best cromosome [6, 100, 14, 26, 2, 35, 47, 13, 44, 6, 53, 97, 7, 71, 5, 62, 98, 4]

Best cromosome [11, 99, 10, 26, 13, 27, 26, 1, 63, 5, 54, 60, 6, 83, 9, 28, 60, 9]

Best cromosome [3, 100, 15, 7, 43, 56, 48, 33, 82, 8, 85, 51, 10, 69, 4, 25, 57, 8]

Best cromosome [3, 99, 10, 7, 1, 95, 43, 11, 18, 30, 78, 24, 10, 57, 12, 18, 66, 3]

Best cromosome [3, 95, 1, 1, 13, 70, 32, 6, 20, 2, 45, 55, 17, 37, 0, 30, 65, 2]

Best cromosome [1, 93, 8, 33, 24, 23, 14, 8, 59, 11, 90, 97, 23, 100, 23, 80, 81, 1]

Best cromosome [2, 100, 18, 1, 1, 28, 4, 1, 41, 16, 41, 54, 20, 95, 7, 33, 60, 2]

Best cromosome [6, 97, 8, 10, 14, 13, 37, 12, 47, 5, 64, 57, 28, 79, 7, 50, 62, 0]

Best cromosome [4, 91, 3, 21, 8, 70, 86, 2, 55, 30, 68, 37, 50, 75, 10, 100, 87, 1]

Best cromosome [4, 92, 9, 32, 8, 37, 62, 7, 1, 13, 74, 50, 4, 58, 9, 52, 82, 4]

MAE mean:     0.0569444444444

MZE mean:     0.0449074074074

