Best cromosome [6, 100, 14, 86, 51, 4, 9, 33, 85, 65, 85, 72, 36, 36, 2, 14, 66, 74]

Best cromosome [26, 98, 7, 85, 79, 34, 2, 42, 60, 49, 91, 97, 14, 4, 56, 10, 60, 79]

Best cromosome [31, 100, 16, 97, 52, 28, 6, 23, 98, 38, 71, 85, 46, 14, 4, 4, 80, 49]

Best cromosome [2, 86, 3, 95, 62, 41, 28, 5, 67, 34, 99, 79, 17, 21, 14, 67, 77, 86]

Best cromosome [4, 87, 35, 82, 87, 53, 36, 30, 87, 6, 93, 96, 24, 34, 17, 28, 58, 59]

Best cromosome [19, 90, 20, 94, 56, 4, 22, 3, 93, 21, 100, 94, 47, 28, 6, 56, 78, 56]

Best cromosome [36, 92, 29, 89, 57, 76, 12, 43, 73, 10, 99, 91, 7, 6, 6, 29, 58, 88]

Best cromosome [13, 98, 15, 76, 90, 71, 28, 18, 64, 59, 99, 81, 48, 42, 17, 85, 53, 48]

Best cromosome [7, 81, 1, 83, 76, 16, 4, 4, 23, 32, 100, 71, 1, 53, 12, 8, 99, 81]

Best cromosome [20, 96, 30, 90, 86, 6, 36, 9, 98, 29, 64, 91, 72, 29, 5, 64, 74, 90]

MAE mean:     1.0375

MZE mean:     0.658333333333

Best cromosome [49, 40, 7, 87, 66, 3, 21, 13, 42, 5, 95, 43, 96, 18, 64, 91, 8, 45]

Best cromosome [32, 22, 6, 70, 75, 5, 3, 12, 9, 42, 93, 98, 85, 34, 37, 100, 17, 43]

Best cromosome [44, 34, 38, 82, 53, 43, 13, 15, 66, 0, 95, 69, 94, 1, 18, 97, 16, 20]

Best cromosome [8, 78, 35, 68, 23, 10, 21, 11, 8, 34, 99, 86, 91, 22, 2, 88, 47, 40]

Best cromosome [59, 3, 60, 97, 6, 0, 15, 20, 8, 8, 78, 84, 67, 13, 12, 75, 21, 12]

Best cromosome [63, 82, 43, 75, 61, 24, 4, 12, 47, 0, 93, 36, 73, 11, 40, 89, 16, 1]

Best cromosome [42, 65, 9, 96, 43, 19, 1, 6, 45, 12, 97, 49, 71, 16, 27, 100, 4, 15]

Best cromosome [45, 58, 18, 62, 60, 24, 5, 24, 10, 14, 97, 52, 92, 1, 25, 95, 8, 24]

Best cromosome [52, 40, 3, 97, 28, 6, 3, 11, 1, 2, 91, 70, 81, 36, 10, 99, 27, 1]

Best cromosome [8, 42, 14, 17, 30, 9, 19, 14, 5, 16, 92, 50, 100, 9, 14, 97, 39, 40]

MAE mean:     0.929166666667

MZE mean:     0.625

Best cromosome [8, 30, 14, 63, 69, 80, 24, 81, 3, 70, 29, 100, 41, 25, 5, 31, 5, 21]

Best cromosome [4, 56, 65, 11, 35, 18, 20, 65, 4, 5, 1, 66, 0, 47, 5, 97, 18, 68]

Best cromosome [1, 100, 96, 15, 43, 27, 4, 28, 8, 24, 13, 88, 21, 97, 16, 89, 16, 52]

Best cromosome [4, 28, 46, 63, 42, 95, 41, 38, 0, 47, 3, 93, 60, 48, 3, 63, 6, 1]

Best cromosome [4, 85, 82, 85, 62, 38, 3, 82, 34, 8, 1, 96, 61, 59, 21, 73, 20, 100]

Best cromosome [3, 14, 3, 69, 45, 89, 5, 1, 4, 19, 31, 83, 12, 4, 7, 70, 15, 60]

Best cromosome [10, 71, 91, 6, 45, 55, 2, 26, 18, 7, 17, 97, 20, 28, 4, 85, 9, 56]

Best cromosome [0, 82, 85, 62, 30, 33, 5, 57, 0, 11, 6, 87, 19, 65, 7, 98, 49, 44]

Best cromosome [8, 100, 95, 1, 25, 1, 39, 31, 1, 0, 9, 99, 36, 42, 1, 61, 6, 57]

Best cromosome [1, 23, 76, 98, 54, 64, 14, 92, 5, 65, 4, 84, 89, 41, 4, 7, 10, 4]

MAE mean:     1.15

MZE mean:     0.695833333333

Best cromosome [84, 41, 64, 43, 91, 2, 10, 49, 1, 25, 100, 94, 10, 86, 34, 42, 100, 57]

Best cromosome [60, 59, 63, 81, 23, 4, 19, 78, 2, 9, 95, 72, 23, 0, 0, 19, 76, 15]

Best cromosome [74, 50, 89, 27, 56, 6, 7, 91, 8, 14, 72, 79, 15, 31, 26, 11, 92, 22]

Best cromosome [79, 65, 93, 73, 98, 15, 76, 98, 9, 9, 91, 94, 16, 51, 2, 43, 86, 63]

Best cromosome [69, 23, 100, 63, 74, 11, 16, 92, 20, 37, 91, 100, 19, 49, 0, 45, 85, 12]

Best cromosome [100, 46, 93, 36, 96, 4, 9, 65, 8, 2, 93, 87, 30, 96, 31, 30, 53, 77]

Best cromosome [52, 61, 72, 21, 67, 12, 2, 80, 0, 6, 87, 78, 28, 23, 14, 3, 84, 18]

Best cromosome [63, 58, 43, 11, 87, 7, 3, 13, 9, 9, 84, 99, 12, 46, 2, 7, 84, 50]

Best cromosome [99, 40, 72, 21, 98, 18, 25, 80, 10, 3, 99, 93, 11, 83, 5, 41, 99, 87]

Best cromosome [90, 91, 77, 90, 51, 17, 18, 32, 2, 11, 84, 86, 53, 33, 10, 21, 97, 51]

MAE mean:     0.829166666667

MZE mean:     0.6

Best cromosome [74, 12, 99, 12, 13, 50, 60, 91, 13, 21, 78, 5, 2, 78, 30, 32, 99, 25]

Best cromosome [94, 38, 82, 6, 13, 27, 49, 95, 15, 11, 91, 39, 3, 77, 39, 68, 86, 53]

Best cromosome [95, 23, 78, 0, 4, 22, 21, 58, 21, 32, 90, 53, 0, 42, 59, 92, 98, 90]

Best cromosome [68, 6, 40, 5, 16, 8, 32, 95, 55, 44, 97, 15, 1, 54, 70, 48, 99, 35]

Best cromosome [80, 23, 100, 9, 6, 18, 74, 69, 40, 62, 75, 55, 13, 50, 45, 49, 84, 24]

Best cromosome [78, 15, 91, 17, 13, 9, 18, 95, 8, 3, 81, 16, 6, 55, 55, 72, 55, 84]

Best cromosome [71, 3, 99, 18, 12, 77, 18, 99, 76, 34, 74, 33, 12, 7, 88, 53, 44, 32]

Best cromosome [79, 40, 94, 8, 19, 60, 68, 96, 89, 52, 65, 29, 10, 20, 78, 55, 75, 36]

Best cromosome [97, 5, 92, 7, 6, 78, 46, 92, 53, 6, 82, 29, 10, 74, 82, 62, 86, 61]

Best cromosome [82, 13, 85, 7, 43, 22, 92, 74, 84, 46, 99, 16, 4, 21, 100, 96, 92, 76]

MAE mean:     0.875

MZE mean:     0.5375

