Best cromosome [93, 30, 97, 19, 56, 16, 19, 17, 11, 40, 4, 4, 100, 3, 72, 0, 67, 68]

Best cromosome [79, 0, 86, 23, 61, 2, 23, 5, 27, 28, 25, 25, 82, 34, 100, 0, 76, 62]

Best cromosome [4, 46, 78, 1, 7, 10, 6, 1, 25, 11, 35, 21, 75, 50, 73, 18, 73, 98]

Best cromosome [81, 22, 96, 30, 18, 16, 21, 6, 8, 35, 10, 3, 86, 18, 66, 13, 36, 66]

Best cromosome [91, 35, 100, 48, 42, 23, 20, 0, 2, 4, 49, 25, 100, 40, 98, 5, 91, 90]

Best cromosome [81, 12, 97, 0, 77, 18, 45, 25, 8, 30, 1, 2, 91, 3, 88, 16, 61, 90]

Best cromosome [61, 40, 83, 11, 33, 41, 18, 8, 13, 4, 26, 13, 65, 15, 80, 20, 67, 24]

Best cromosome [51, 35, 80, 5, 3, 4, 18, 10, 13, 34, 77, 62, 82, 68, 92, 4, 75, 37]

Best cromosome [59, 34, 93, 3, 12, 4, 3, 5, 71, 8, 72, 91, 95, 33, 75, 2, 58, 92]

Best cromosome [77, 21, 82, 5, 92, 40, 1, 28, 19, 13, 14, 14, 91, 17, 94, 5, 88, 72]

MAE mean:     2.75416666667

MZE mean:     0.858333333333

Best cromosome [31, 63, 66, 98, 78, 6, 15, 2, 9, 25, 38, 25, 40, 21, 6, 18, 6, 10]

Best cromosome [1, 28, 82, 93, 96, 74, 9, 3, 15, 99, 1, 72, 83, 35, 0, 30, 30, 6]

Best cromosome [1, 58, 86, 97, 83, 12, 13, 2, 4, 17, 10, 49, 88, 11, 7, 22, 10, 1]

Best cromosome [67, 2, 59, 95, 97, 61, 25, 7, 2, 2, 8, 46, 37, 3, 6, 46, 21, 27]

Best cromosome [25, 93, 59, 100, 26, 35, 60, 19, 36, 32, 1, 78, 97, 60, 0, 14, 36, 8]

Best cromosome [1, 8, 93, 99, 94, 79, 61, 20, 6, 46, 5, 17, 95, 9, 14, 9, 16, 6]

Best cromosome [11, 63, 74, 100, 97, 15, 14, 1, 0, 31, 11, 70, 79, 4, 12, 4, 26, 8]

Best cromosome [25, 45, 10, 95, 26, 28, 35, 0, 4, 84, 4, 53, 58, 3, 32, 2, 18, 22]

Best cromosome [29, 4, 22, 37, 8, 94, 79, 13, 13, 10, 13, 14, 54, 0, 16, 8, 7, 88]

Best cromosome [1, 64, 77, 42, 28, 55, 84, 4, 11, 77, 0, 9, 92, 1, 80, 5, 10, 89]

MAE mean:     1.70833333333

MZE mean:     0.804166666667

Best cromosome [3, 46, 11, 97, 15, 68, 57, 12, 1, 92, 41, 25, 2, 7, 56, 85, 47, 51]

Best cromosome [7, 0, 0, 88, 0, 88, 10, 0, 0, 73, 1, 12, 59, 9, 41, 94, 43, 97]

Best cromosome [28, 43, 1, 56, 9, 10, 13, 6, 13, 73, 1, 35, 39, 5, 24, 77, 47, 80]

Best cromosome [2, 22, 13, 94, 3, 26, 64, 19, 3, 69, 3, 17, 13, 20, 6, 85, 1, 13]

Best cromosome [4, 95, 15, 83, 0, 90, 43, 5, 7, 46, 1, 95, 68, 0, 45, 74, 85, 34]

Best cromosome [30, 85, 25, 97, 33, 86, 23, 14, 53, 59, 9, 81, 21, 3, 27, 98, 2, 75]

Best cromosome [23, 37, 2, 98, 8, 93, 35, 9, 18, 82, 3, 62, 25, 6, 35, 90, 7, 5]

Best cromosome [2, 98, 8, 89, 0, 61, 73, 17, 87, 32, 6, 25, 100, 17, 17, 4, 83, 4]

Best cromosome [8, 36, 49, 99, 6, 30, 38, 8, 33, 12, 0, 70, 16, 8, 8, 100, 19, 38]

Best cromosome [5, 29, 13, 97, 6, 68, 36, 8, 24, 22, 4, 60, 61, 2, 7, 100, 66, 30]

MAE mean:     2.14166666667

MZE mean:     0.704166666667

Best cromosome [27, 6, 0, 98, 13, 18, 95, 16, 48, 1, 62, 11, 78, 5, 77, 99, 38, 91]

Best cromosome [66, 16, 68, 54, 42, 10, 3, 11, 16, 5, 4, 16, 7, 9, 16, 94, 86, 62]

Best cromosome [34, 8, 25, 90, 7, 9, 39, 6, 89, 13, 62, 35, 50, 19, 62, 90, 38, 100]

Best cromosome [77, 2, 88, 83, 25, 55, 19, 6, 2, 11, 0, 46, 4, 8, 10, 99, 85, 76]

Best cromosome [61, 21, 99, 84, 12, 33, 40, 16, 16, 31, 10, 15, 6, 5, 13, 94, 75, 35]

Best cromosome [52, 11, 9, 67, 27, 28, 84, 1, 70, 23, 72, 21, 75, 8, 88, 93, 47, 93]

Best cromosome [49, 21, 2, 72, 4, 7, 8, 8, 56, 3, 34, 36, 98, 0, 97, 89, 67, 69]

Best cromosome [8, 10, 20, 98, 2, 17, 73, 20, 100, 9, 88, 30, 57, 1, 97, 92, 78, 93]

Best cromosome [75, 28, 4, 81, 7, 13, 38, 13, 60, 10, 27, 1, 95, 4, 92, 63, 89, 29]

Best cromosome [78, 11, 95, 68, 41, 34, 49, 11, 48, 8, 8, 20, 14, 2, 15, 98, 57, 73]

MAE mean:     2.0125

MZE mean:     0.845833333333

Best cromosome [82, 79, 43, 8, 54, 4, 12, 68, 55, 25, 75, 65, 16, 9, 34, 67, 74, 49]

Best cromosome [93, 86, 77, 43, 27, 4, 24, 35, 98, 2, 35, 95, 75, 27, 24, 62, 86, 61]

Best cromosome [41, 74, 52, 24, 32, 2, 9, 57, 44, 2, 74, 65, 20, 26, 7, 40, 73, 59]

Best cromosome [46, 92, 94, 54, 4, 23, 14, 98, 92, 46, 97, 94, 15, 9, 0, 24, 82, 43]

Best cromosome [85, 80, 78, 43, 53, 0, 9, 92, 90, 8, 68, 63, 63, 5, 0, 55, 88, 66]

Best cromosome [46, 61, 83, 34, 37, 0, 16, 77, 69, 23, 31, 84, 47, 52, 14, 84, 76, 80]

Best cromosome [75, 76, 92, 46, 56, 46, 4, 73, 73, 3, 61, 75, 54, 13, 17, 4, 82, 30]

Best cromosome [80, 90, 100, 8, 56, 9, 29, 94, 41, 14, 83, 91, 57, 56, 45, 48, 100, 55]

Best cromosome [74, 91, 70, 31, 10, 14, 35, 38, 92, 11, 94, 70, 50, 28, 49, 59, 87, 4]

Best cromosome [53, 73, 52, 47, 40, 22, 27, 99, 89, 3, 74, 79, 24, 11, 8, 80, 76, 78]

MAE mean:     2.3125

MZE mean:     0.979166666667

