Best cromosome [83, 3, 39, 91, 63, 11, 32, 51, 89, 1, 94, 14, 17, 17, 2, 74, 33, 20]

Best cromosome [71, 13, 16, 94, 98, 25, 3, 70, 97, 2, 96, 2, 0, 81, 19, 90, 9, 9]

Best cromosome [83, 9, 25, 56, 21, 9, 33, 4, 89, 2, 93, 10, 39, 61, 8, 80, 81, 30]

Best cromosome [77, 39, 11, 96, 20, 61, 0, 81, 61, 50, 99, 8, 11, 98, 8, 67, 16, 6]

Best cromosome [72, 7, 14, 58, 46, 6, 32, 35, 98, 14, 70, 14, 12, 73, 16, 97, 13, 15]

Best cromosome [83, 63, 71, 86, 89, 27, 58, 3, 97, 74, 59, 60, 11, 42, 1, 87, 96, 68]

Best cromosome [95, 32, 80, 53, 21, 10, 29, 62, 99, 1, 83, 39, 75, 74, 0, 100, 44, 36]

Best cromosome [29, 5, 10, 78, 93, 13, 5, 18, 95, 20, 79, 11, 7, 37, 3, 92, 7, 69]

Best cromosome [42, 53, 43, 94, 62, 64, 17, 4, 66, 16, 47, 60, 0, 9, 35, 100, 40, 58]

Best cromosome [17, 50, 71, 97, 91, 16, 5, 2, 92, 60, 25, 47, 8, 42, 13, 98, 38, 26]

MAE mean:     0.806331916401

MZE mean:     0.590271873893

Best cromosome [59, 31, 98, 26, 99, 4, 10, 14, 89, 1, 100, 96, 88, 1, 86, 32, 84, 74]

Best cromosome [67, 27, 84, 28, 92, 5, 20, 1, 96, 13, 91, 98, 50, 13, 89, 22, 93, 82]

Best cromosome [49, 14, 72, 13, 85, 10, 28, 0, 92, 8, 89, 92, 53, 0, 66, 22, 87, 47]

Best cromosome [8, 41, 83, 1, 91, 42, 18, 28, 39, 2, 63, 54, 65, 48, 60, 8, 87, 19]

Best cromosome [54, 7, 74, 24, 93, 16, 22, 8, 99, 14, 96, 92, 62, 31, 77, 47, 100, 87]

Best cromosome [34, 24, 69, 30, 73, 22, 25, 16, 73, 0, 94, 83, 48, 42, 76, 15, 76, 60]

Best cromosome [26, 24, 73, 8, 88, 2, 16, 8, 96, 12, 74, 71, 63, 4, 80, 25, 100, 34]

Best cromosome [34, 36, 86, 21, 79, 11, 6, 56, 25, 36, 61, 80, 93, 48, 93, 2, 92, 14]

Best cromosome [65, 12, 72, 19, 78, 14, 3, 2, 65, 2, 85, 91, 95, 3, 100, 24, 86, 43]

Best cromosome [24, 44, 60, 22, 100, 6, 5, 14, 66, 18, 96, 93, 56, 30, 60, 6, 86, 53]

MAE mean:     0.766153028693

MZE mean:     0.587340595112

Best cromosome [10, 89, 20, 96, 22, 11, 83, 30, 85, 56, 74, 15, 88, 7, 53, 74, 57, 46]

Best cromosome [6, 90, 16, 82, 46, 46, 66, 28, 87, 8, 61, 20, 84, 4, 44, 92, 76, 59]

Best cromosome [0, 90, 29, 98, 48, 14, 86, 46, 79, 61, 64, 17, 75, 8, 40, 62, 64, 76]

Best cromosome [6, 89, 19, 96, 62, 32, 53, 11, 80, 26, 78, 11, 94, 25, 50, 97, 0, 28]

Best cromosome [1, 96, 8, 93, 35, 34, 83, 10, 97, 32, 63, 1, 68, 6, 42, 55, 47, 76]

Best cromosome [9, 93, 26, 90, 58, 72, 86, 48, 90, 21, 64, 27, 91, 2, 52, 73, 80, 62]

Best cromosome [13, 91, 45, 82, 63, 66, 74, 41, 79, 17, 74, 0, 79, 4, 57, 76, 71, 51]

Best cromosome [2, 100, 36, 98, 47, 31, 68, 28, 84, 24, 67, 31, 88, 0, 30, 67, 61, 68]

Best cromosome [24, 97, 15, 97, 20, 36, 45, 22, 82, 5, 69, 4, 60, 12, 78, 62, 23, 42]

Best cromosome [9, 92, 26, 92, 54, 46, 73, 22, 94, 28, 45, 31, 77, 4, 60, 85, 74, 65]

MAE mean:     0.763407722281

MZE mean:     0.570820049593

Best cromosome [36, 89, 43, 86, 66, 2, 11, 0, 82, 6, 90, 84, 10, 100, 75, 22, 40, 87]

Best cromosome [33, 60, 46, 96, 93, 2, 3, 3, 92, 0, 95, 78, 4, 75, 86, 42, 26, 51]

Best cromosome [2, 70, 68, 41, 11, 6, 45, 12, 14, 16, 82, 86, 16, 75, 4, 31, 19, 95]

Best cromosome [32, 71, 85, 100, 23, 18, 54, 19, 80, 0, 89, 99, 14, 78, 95, 13, 0, 46]

Best cromosome [4, 89, 60, 98, 6, 8, 57, 14, 34, 0, 87, 84, 13, 42, 83, 4, 8, 73]

Best cromosome [20, 79, 61, 94, 9, 0, 22, 0, 46, 3, 91, 69, 31, 92, 92, 5, 55, 36]

Best cromosome [14, 100, 50, 100, 21, 23, 74, 2, 57, 0, 90, 96, 1, 82, 80, 33, 5, 70]

Best cromosome [7, 79, 99, 72, 54, 7, 29, 2, 5, 20, 63, 100, 51, 3, 97, 4, 38, 55]

Best cromosome [26, 67, 71, 84, 39, 7, 75, 6, 71, 12, 84, 78, 13, 73, 100, 26, 9, 12]

Best cromosome [23, 38, 35, 90, 37, 1, 26, 7, 5, 7, 48, 99, 8, 96, 1, 41, 23, 98]

MAE mean:     0.804702444208

MZE mean:     0.593389125044

Best cromosome [33, 51, 1, 84, 1, 2, 96, 37, 14, 11, 30, 60, 8, 6, 69, 32, 98, 82]

Best cromosome [32, 50, 0, 81, 0, 15, 98, 62, 1, 4, 10, 27, 6, 9, 59, 31, 90, 98]

Best cromosome [28, 31, 31, 82, 4, 1, 94, 34, 46, 2, 34, 69, 1, 11, 63, 40, 88, 87]

Best cromosome [37, 77, 2, 89, 1, 10, 99, 70, 22, 5, 9, 70, 14, 9, 65, 77, 99, 75]

Best cromosome [12, 48, 26, 49, 13, 12, 96, 84, 17, 23, 8, 34, 3, 20, 57, 39, 85, 90]

Best cromosome [10, 55, 5, 68, 11, 2, 99, 57, 4, 3, 8, 69, 8, 0, 58, 76, 81, 67]

Best cromosome [36, 97, 32, 48, 8, 2, 86, 91, 5, 10, 17, 81, 4, 0, 60, 47, 99, 51]

Best cromosome [27, 64, 10, 70, 6, 12, 99, 83, 5, 6, 25, 28, 0, 14, 61, 28, 92, 94]

Best cromosome [17, 55, 27, 87, 7, 5, 95, 39, 10, 0, 11, 99, 1, 16, 21, 78, 72, 83]

Best cromosome [1, 50, 2, 83, 13, 10, 93, 18, 1, 10, 35, 99, 15, 14, 51, 55, 61, 48]

MAE mean:     0.692060750974

MZE mean:     0.561977506199

