Best cromosome [29, 1, 84, 87, 96, 72, 8, 39, 6, 70, 5, 91, 15, 9, 34, 15, 5, 74]

Best cromosome [5, 20, 96, 100, 84, 18, 17, 53, 9, 78, 0, 3, 37, 16, 65, 80, 11, 56]

Best cromosome [62, 53, 72, 87, 73, 22, 65, 52, 4, 84, 1, 48, 10, 2, 16, 1, 2, 79]

Best cromosome [30, 15, 42, 22, 71, 69, 3, 20, 16, 78, 23, 92, 97, 16, 98, 29, 41, 82]

Best cromosome [54, 8, 61, 100, 88, 90, 4, 3, 18, 56, 17, 33, 25, 49, 87, 5, 4, 56]

Best cromosome [75, 0, 86, 88, 78, 79, 0, 81, 0, 73, 5, 17, 85, 94, 92, 30, 42, 96]

Best cromosome [97, 2, 64, 49, 31, 91, 1, 74, 8, 50, 6, 90, 93, 13, 100, 3, 15, 58]

Best cromosome [58, 17, 85, 97, 76, 61, 13, 66, 0, 32, 8, 73, 83, 47, 37, 2, 9, 94]

Best cromosome [90, 61, 98, 91, 96, 54, 59, 28, 15, 65, 2, 35, 26, 11, 19, 6, 2, 90]

Best cromosome [91, 33, 71, 92, 43, 68, 31, 90, 13, 79, 4, 70, 89, 41, 87, 25, 2, 31]

MAE mean:     0.385436893204

MZE mean:     0.347572815534

Best cromosome [30, 73, 26, 12, 4, 46, 3, 53, 2, 97, 96, 80, 29, 1, 8, 74, 96, 5]

Best cromosome [32, 88, 13, 0, 13, 79, 9, 41, 9, 85, 91, 47, 24, 9, 17, 89, 91, 6]

Best cromosome [2, 97, 27, 7, 7, 41, 13, 76, 7, 40, 61, 81, 36, 7, 30, 53, 91, 4]

Best cromosome [29, 84, 13, 10, 5, 40, 30, 48, 6, 44, 97, 73, 16, 0, 27, 25, 100, 4]

Best cromosome [57, 79, 0, 1, 4, 80, 27, 13, 3, 62, 91, 30, 10, 0, 13, 70, 88, 14]

Best cromosome [9, 86, 5, 1, 9, 28, 19, 78, 14, 72, 72, 89, 72, 28, 2, 76, 98, 1]

Best cromosome [1, 93, 70, 8, 5, 12, 18, 76, 0, 41, 13, 59, 17, 17, 52, 81, 99, 12]

Best cromosome [12, 93, 35, 6, 0, 84, 19, 74, 13, 60, 89, 71, 2, 4, 3, 68, 96, 35]

Best cromosome [10, 67, 61, 4, 31, 60, 24, 99, 4, 25, 80, 90, 23, 1, 98, 82, 88, 2]

Best cromosome [13, 93, 29, 17, 5, 71, 14, 32, 2, 61, 76, 44, 38, 9, 32, 100, 76, 23]

MAE mean:     0.461650485437

MZE mean:     0.38786407767

Best cromosome [49, 66, 54, 93, 99, 22, 19, 37, 82, 5, 37, 97, 41, 27, 6, 23, 1, 37]

Best cromosome [78, 17, 8, 91, 76, 10, 62, 53, 96, 27, 3, 98, 26, 83, 43, 7, 13, 24]

Best cromosome [92, 50, 12, 68, 75, 56, 57, 35, 77, 7, 14, 95, 14, 74, 27, 2, 1, 22]

Best cromosome [67, 88, 50, 99, 91, 10, 17, 32, 100, 16, 59, 99, 13, 31, 1, 29, 2, 52]

Best cromosome [95, 23, 3, 97, 88, 31, 78, 37, 75, 14, 10, 98, 1, 67, 30, 14, 0, 2]

Best cromosome [80, 3, 4, 100, 80, 5, 75, 69, 90, 27, 7, 96, 23, 89, 14, 16, 5, 27]

Best cromosome [85, 61, 29, 55, 92, 53, 16, 5, 86, 0, 31, 78, 5, 3, 21, 25, 4, 19]

Best cromosome [23, 64, 14, 90, 86, 12, 2, 24, 47, 35, 19, 100, 51, 17, 9, 20, 14, 0]

Best cromosome [86, 51, 12, 93, 79, 3, 82, 82, 87, 34, 11, 87, 71, 92, 54, 31, 5, 25]

Best cromosome [95, 16, 9, 93, 76, 33, 93, 40, 86, 21, 10, 95, 15, 97, 31, 6, 1, 26]

MAE mean:     0.415048543689

MZE mean:     0.340776699029

Best cromosome [22, 78, 87, 95, 53, 19, 9, 25, 42, 56, 6, 21, 42, 70, 28, 78, 79, 29]

Best cromosome [33, 58, 73, 89, 98, 34, 12, 4, 93, 25, 23, 62, 75, 46, 56, 87, 92, 25]

Best cromosome [5, 96, 80, 42, 88, 16, 4, 5, 77, 8, 6, 69, 13, 44, 13, 89, 81, 22]

Best cromosome [20, 74, 72, 87, 53, 43, 7, 9, 43, 13, 7, 42, 10, 70, 12, 87, 93, 3]

Best cromosome [15, 63, 80, 79, 85, 13, 15, 8, 95, 25, 11, 84, 45, 50, 38, 96, 82, 36]

Best cromosome [7, 66, 98, 95, 62, 14, 13, 15, 60, 46, 10, 44, 27, 70, 19, 73, 85, 6]

Best cromosome [15, 59, 74, 67, 90, 20, 31, 6, 67, 25, 16, 66, 10, 100, 29, 97, 87, 0]

Best cromosome [2, 68, 91, 90, 75, 7, 5, 18, 47, 67, 25, 65, 21, 100, 34, 85, 100, 11]

Best cromosome [4, 92, 76, 97, 27, 73, 7, 36, 35, 6, 43, 13, 42, 96, 5, 96, 86, 39]

Best cromosome [6, 83, 70, 83, 54, 50, 14, 18, 50, 58, 6, 16, 38, 80, 27, 77, 98, 20]

MAE mean:     0.478155339806

MZE mean:     0.406796116505

Best cromosome [8, 100, 86, 98, 19, 22, 94, 28, 29, 1, 76, 72, 24, 100, 37, 22, 17, 57]

Best cromosome [51, 80, 90, 92, 17, 38, 39, 11, 47, 42, 81, 72, 27, 74, 19, 44, 71, 38]

Best cromosome [0, 92, 94, 98, 38, 7, 46, 33, 1, 9, 74, 98, 32, 82, 21, 48, 60, 15]

Best cromosome [42, 65, 84, 100, 3, 24, 34, 3, 36, 47, 96, 76, 3, 86, 7, 32, 38, 65]

Best cromosome [25, 29, 21, 97, 6, 28, 91, 30, 1, 10, 70, 88, 47, 91, 20, 4, 23, 86]

Best cromosome [8, 82, 11, 86, 40, 22, 69, 44, 99, 3, 81, 97, 11, 96, 60, 4, 13, 23]

Best cromosome [16, 24, 30, 98, 67, 29, 63, 39, 80, 10, 75, 90, 14, 95, 48, 4, 4, 40]

Best cromosome [4, 88, 18, 92, 30, 7, 74, 20, 68, 54, 25, 95, 33, 63, 55, 2, 18, 28]

Best cromosome [32, 91, 89, 87, 26, 55, 9, 14, 23, 2, 98, 87, 26, 71, 20, 27, 65, 15]

Best cromosome [21, 33, 29, 97, 54, 6, 51, 77, 87, 46, 75, 93, 44, 86, 51, 3, 0, 41]

MAE mean:     0.315533980583

MZE mean:     0.293689320388

