Best cromosome [97, 67, 56, 46, 15, 69, 78, 1, 93, 70, 40, 99, 50, 99, 31, 14, 38, 11]

Best cromosome [60, 87, 39, 34, 13, 57, 43, 16, 53, 90, 8, 99, 26, 80, 6, 59, 30, 24]

Best cromosome [99, 87, 12, 10, 45, 62, 77, 4, 88, 48, 89, 21, 46, 84, 38, 41, 37, 45]

Best cromosome [62, 16, 40, 6, 59, 55, 76, 1, 84, 72, 6, 97, 24, 100, 32, 50, 9, 1]

Best cromosome [90, 92, 71, 18, 60, 59, 87, 11, 76, 84, 18, 39, 60, 90, 32, 22, 62, 20]

Best cromosome [88, 100, 4, 6, 32, 77, 90, 2, 96, 23, 53, 85, 25, 32, 19, 35, 12, 6]

Best cromosome [87, 94, 43, 21, 7, 87, 73, 12, 80, 56, 57, 85, 41, 92, 1, 5, 2, 8]

Best cromosome [83, 88, 20, 15, 96, 40, 28, 2, 85, 51, 43, 85, 71, 87, 17, 48, 20, 4]

Best cromosome [97, 97, 12, 10, 15, 94, 97, 18, 85, 23, 64, 31, 16, 81, 8, 26, 38, 66]

Best cromosome [97, 95, 6, 6, 11, 32, 99, 16, 79, 78, 66, 59, 29, 71, 46, 23, 16, 40]

MAE mean:     2.45577183689

MZE mean:     0.88988542565

Best cromosome [7, 46, 58, 12, 83, 92, 2, 88, 92, 51, 29, 62, 16, 21, 38, 60, 40, 1]

Best cromosome [1, 20, 23, 2, 97, 62, 9, 74, 98, 14, 14, 5, 43, 47, 7, 51, 5, 67]

Best cromosome [3, 59, 0, 25, 99, 44, 0, 98, 94, 100, 42, 67, 47, 70, 21, 68, 9, 82]

Best cromosome [16, 44, 81, 29, 91, 42, 0, 93, 84, 79, 12, 0, 33, 74, 22, 43, 2, 27]

Best cromosome [2, 48, 8, 38, 93, 83, 6, 83, 98, 44, 4, 99, 53, 29, 45, 65, 41, 90]

Best cromosome [54, 23, 45, 38, 81, 12, 51, 98, 83, 61, 6, 36, 94, 69, 30, 98, 23, 71]

Best cromosome [6, 26, 83, 1, 93, 49, 6, 87, 79, 80, 5, 13, 25, 71, 31, 32, 24, 32]

Best cromosome [9, 24, 86, 8, 90, 60, 2, 79, 73, 78, 10, 8, 0, 6, 34, 35, 19, 37]

Best cromosome [1, 66, 12, 21, 80, 100, 12, 94, 95, 53, 52, 45, 38, 71, 59, 19, 20, 85]

Best cromosome [7, 70, 50, 14, 54, 41, 4, 88, 91, 58, 21, 21, 17, 25, 26, 23, 18, 16]

MAE mean:     2.31719847234

MZE mean:     0.851829493655

Best cromosome [61, 100, 2, 97, 82, 12, 44, 9, 90, 41, 43, 38, 65, 63, 85, 14, 38, 74]

Best cromosome [7, 59, 4, 89, 55, 41, 52, 12, 72, 15, 71, 4, 33, 69, 71, 0, 15, 53]

Best cromosome [81, 88, 8, 84, 56, 38, 38, 5, 77, 48, 18, 67, 18, 73, 80, 1, 5, 72]

Best cromosome [33, 77, 3, 91, 86, 41, 41, 10, 46, 60, 91, 15, 37, 50, 50, 24, 52, 90]

Best cromosome [56, 73, 8, 92, 42, 13, 20, 9, 92, 56, 7, 29, 68, 20, 67, 14, 37, 48]

Best cromosome [65, 90, 9, 97, 78, 77, 37, 20, 76, 8, 39, 72, 60, 90, 91, 9, 31, 41]

Best cromosome [95, 74, 10, 77, 23, 9, 63, 1, 100, 79, 5, 22, 77, 3, 68, 23, 70, 20]

Best cromosome [73, 90, 15, 96, 44, 65, 4, 5, 26, 3, 18, 13, 62, 56, 87, 0, 17, 29]

Best cromosome [15, 97, 7, 94, 96, 7, 94, 15, 51, 91, 86, 51, 91, 66, 52, 16, 34, 31]

Best cromosome [77, 81, 7, 88, 91, 98, 89, 5, 62, 24, 4, 22, 67, 35, 12, 51, 16, 65]

MAE mean:     2.37239127757

MZE mean:     0.875828508069

Best cromosome [62, 57, 79, 35, 52, 1, 88, 73, 57, 74, 40, 82, 100, 36, 91, 38, 3, 7]

Best cromosome [12, 90, 63, 1, 59, 26, 87, 76, 61, 24, 44, 98, 34, 29, 69, 2, 4, 6]

Best cromosome [53, 85, 93, 14, 95, 3, 29, 51, 94, 4, 24, 54, 83, 18, 72, 11, 12, 11]

Best cromosome [46, 64, 88, 1, 55, 25, 84, 82, 52, 57, 72, 73, 61, 64, 86, 33, 0, 2]

Best cromosome [5, 30, 47, 11, 99, 49, 98, 16, 91, 2, 83, 13, 10, 5, 91, 25, 19, 15]

Best cromosome [68, 44, 49, 1, 90, 37, 91, 79, 9, 3, 7, 100, 11, 7, 48, 14, 19, 1]

Best cromosome [80, 91, 85, 8, 59, 11, 85, 72, 39, 35, 57, 80, 60, 88, 77, 17, 4, 79]

Best cromosome [63, 80, 83, 10, 69, 0, 81, 64, 67, 60, 32, 52, 71, 11, 98, 6, 2, 28]

Best cromosome [94, 83, 95, 29, 60, 10, 98, 67, 64, 12, 29, 35, 9, 77, 80, 10, 9, 38]

Best cromosome [40, 77, 91, 30, 61, 7, 87, 87, 66, 21, 60, 88, 89, 58, 100, 56, 18, 67]

MAE mean:     2.40867315511

MZE mean:     0.8856597265

Best cromosome [94, 39, 4, 49, 31, 62, 67, 1, 13, 92, 41, 20, 94, 2, 75, 92, 51, 5]

Best cromosome [97, 2, 61, 2, 0, 34, 23, 60, 14, 34, 36, 52, 30, 9, 84, 38, 95, 11]

Best cromosome [96, 7, 12, 13, 17, 63, 86, 15, 21, 41, 35, 16, 21, 24, 99, 37, 25, 6]

Best cromosome [34, 4, 83, 4, 2, 23, 49, 28, 52, 89, 48, 73, 19, 6, 98, 4, 77, 46]

Best cromosome [89, 14, 43, 18, 0, 31, 60, 51, 14, 38, 42, 78, 16, 33, 97, 40, 100, 32]

Best cromosome [81, 4, 98, 30, 0, 54, 81, 76, 46, 52, 17, 98, 8, 39, 99, 0, 78, 7]

Best cromosome [98, 0, 50, 12, 2, 21, 16, 62, 12, 47, 51, 33, 1, 7, 100, 40, 81, 63]

Best cromosome [93, 2, 56, 9, 7, 27, 25, 93, 0, 21, 45, 60, 13, 8, 95, 56, 97, 69]

Best cromosome [13, 3, 66, 12, 4, 23, 70, 42, 37, 50, 0, 62, 10, 24, 100, 20, 94, 15]

Best cromosome [83, 28, 85, 18, 3, 11, 48, 12, 30, 23, 2, 85, 29, 23, 97, 32, 98, 30]

MAE mean:     2.24006406308

MZE mean:     0.878378711347

