Best cromosome [95, 13, 0, 8, 25, 48, 12, 26, 73, 69, 81, 87, 21, 63, 13, 86, 0, 37]

Best cromosome [76, 6, 18, 18, 18, 55, 3, 47, 49, 73, 42, 81, 0, 89, 23, 94, 18, 45]

Best cromosome [92, 11, 12, 34, 20, 61, 13, 84, 31, 78, 20, 99, 0, 79, 20, 97, 8, 14]

Best cromosome [69, 22, 11, 20, 16, 22, 5, 16, 21, 50, 7, 68, 19, 31, 25, 87, 9, 1]

Best cromosome [60, 7, 13, 15, 48, 80, 4, 30, 20, 14, 17, 78, 5, 56, 5, 100, 23, 8]

Best cromosome [75, 50, 18, 34, 55, 98, 15, 63, 41, 43, 17, 88, 21, 62, 54, 100, 4, 9]

Best cromosome [85, 31, 15, 21, 0, 90, 6, 63, 53, 22, 24, 78, 4, 51, 37, 89, 9, 43]

Best cromosome [84, 17, 10, 27, 6, 71, 5, 78, 17, 10, 33, 91, 12, 16, 20, 98, 16, 17]

Best cromosome [80, 11, 15, 65, 16, 82, 12, 42, 30, 68, 25, 83, 11, 36, 22, 90, 2, 51]

Best cromosome [76, 15, 2, 20, 9, 75, 10, 77, 56, 43, 18, 93, 3, 53, 1, 92, 10, 31]

MAE mean:     0.348360655738

MZE mean:     0.331147540984

Best cromosome [91, 95, 9, 12, 3, 94, 10, 72, 46, 55, 58, 37, 2, 5, 6, 86, 0, 4]

Best cromosome [96, 6, 18, 39, 3, 85, 3, 27, 25, 92, 55, 7, 2, 4, 7, 71, 4, 6]

Best cromosome [98, 3, 27, 0, 2, 57, 4, 3, 51, 80, 84, 2, 0, 0, 6, 99, 2, 5]

Best cromosome [100, 57, 66, 5, 26, 70, 3, 61, 36, 77, 72, 5, 7, 3, 7, 13, 0, 0]

Best cromosome [96, 51, 7, 9, 24, 95, 3, 14, 48, 66, 91, 11, 1, 51, 6, 82, 11, 2]

Best cromosome [89, 7, 5, 14, 3, 82, 2, 49, 5, 90, 59, 12, 0, 18, 0, 83, 11, 1]

Best cromosome [97, 3, 60, 6, 49, 90, 1, 30, 39, 100, 72, 5, 1, 34, 5, 100, 1, 1]

Best cromosome [95, 2, 10, 10, 7, 78, 1, 59, 46, 78, 99, 65, 7, 22, 25, 98, 0, 9]

Best cromosome [88, 8, 20, 6, 15, 80, 3, 30, 20, 85, 23, 24, 16, 3, 1, 100, 9, 1]

Best cromosome [98, 69, 19, 7, 9, 61, 1, 66, 7, 82, 88, 5, 4, 6, 7, 75, 8, 16]

MAE mean:     0.34262295082

MZE mean:     0.304098360656

Best cromosome [18, 93, 4, 78, 0, 20, 69, 3, 83, 14, 82, 87, 87, 26, 23, 83, 3, 11]

Best cromosome [6, 96, 3, 93, 17, 11, 30, 3, 64, 3, 71, 98, 99, 51, 17, 89, 13, 12]

Best cromosome [10, 98, 12, 38, 0, 3, 97, 2, 51, 0, 32, 93, 93, 33, 8, 57, 23, 76]

Best cromosome [39, 90, 2, 22, 0, 14, 76, 0, 7, 2, 62, 88, 83, 44, 9, 39, 39, 25]

Best cromosome [6, 89, 0, 97, 25, 10, 40, 4, 71, 12, 36, 83, 81, 22, 0, 60, 0, 1]

Best cromosome [2, 76, 9, 57, 9, 5, 86, 3, 96, 1, 75, 91, 28, 88, 17, 78, 13, 20]

Best cromosome [14, 100, 13, 56, 19, 18, 55, 3, 43, 1, 97, 85, 96, 72, 5, 99, 8, 2]

Best cromosome [1, 97, 16, 18, 7, 34, 88, 10, 29, 3, 34, 73, 91, 47, 10, 75, 18, 56]

Best cromosome [4, 100, 5, 37, 6, 26, 77, 2, 20, 19, 35, 100, 94, 49, 8, 98, 19, 95]

Best cromosome [0, 92, 6, 7, 2, 20, 18, 26, 98, 22, 76, 72, 59, 6, 10, 97, 19, 16]

MAE mean:     0.326229508197

MZE mean:     0.322950819672

Best cromosome [29, 71, 34, 5, 1, 11, 77, 30, 32, 29, 99, 71, 44, 22, 90, 18, 54, 95]

Best cromosome [1, 85, 31, 12, 1, 0, 60, 72, 3, 13, 91, 83, 10, 9, 81, 5, 81, 41]

Best cromosome [2, 91, 9, 17, 1, 5, 87, 82, 1, 6, 93, 93, 13, 11, 95, 30, 79, 59]

Best cromosome [27, 46, 3, 30, 5, 41, 89, 97, 10, 4, 84, 99, 29, 8, 72, 25, 72, 50]

Best cromosome [15, 73, 45, 25, 1, 3, 100, 39, 15, 59, 75, 71, 59, 22, 90, 6, 79, 65]

Best cromosome [63, 86, 41, 32, 1, 13, 83, 75, 24, 56, 64, 92, 85, 27, 93, 15, 51, 90]

Best cromosome [46, 56, 48, 21, 5, 80, 86, 35, 13, 19, 91, 70, 45, 16, 93, 9, 94, 92]

Best cromosome [12, 94, 35, 11, 5, 11, 81, 82, 41, 47, 59, 55, 40, 0, 96, 5, 84, 63]

Best cromosome [7, 70, 56, 3, 2, 36, 93, 71, 28, 28, 88, 73, 44, 8, 90, 1, 69, 78]

Best cromosome [25, 75, 90, 9, 0, 12, 65, 88, 19, 54, 64, 73, 72, 53, 96, 8, 77, 69]

MAE mean:     0.351639344262

MZE mean:     0.337704918033

Best cromosome [31, 1, 20, 83, 0, 44, 2, 88, 17, 34, 40, 94, 17, 37, 40, 85, 6, 14]

Best cromosome [17, 20, 18, 96, 6, 66, 5, 34, 17, 8, 80, 95, 7, 8, 78, 83, 12, 11]

Best cromosome [33, 8, 11, 99, 19, 56, 27, 33, 79, 65, 83, 98, 23, 2, 99, 31, 17, 5]

Best cromosome [12, 17, 7, 94, 0, 22, 21, 81, 24, 69, 72, 99, 33, 2, 58, 50, 12, 2]

Best cromosome [5, 9, 3, 100, 6, 8, 8, 16, 37, 10, 86, 87, 10, 41, 26, 90, 0, 4]

Best cromosome [38, 8, 2, 96, 0, 7, 2, 3, 88, 80, 87, 84, 7, 18, 98, 48, 3, 51]

Best cromosome [7, 0, 13, 82, 6, 53, 4, 65, 34, 41, 78, 97, 42, 4, 54, 55, 1, 31]

Best cromosome [1, 3, 23, 84, 1, 72, 5, 5, 17, 45, 72, 57, 22, 15, 58, 74, 2, 2]

Best cromosome [5, 7, 0, 87, 0, 54, 7, 19, 33, 18, 98, 97, 1, 0, 81, 99, 30, 0]

Best cromosome [15, 6, 26, 100, 2, 91, 1, 50, 69, 13, 77, 98, 15, 8, 51, 97, 3, 21]

MAE mean:     0.334426229508

MZE mean:     0.301639344262

