Best cromosome [36, 95, 24, 95, 84, 2, 11, 0, 82, 1, 90, 84, 10, 68, 48, 13, 2, 91]

Best cromosome [22, 98, 16, 91, 68, 10, 3, 3, 51, 0, 80, 94, 16, 98, 82, 18, 26, 69]

Best cromosome [2, 70, 68, 41, 11, 6, 45, 12, 14, 16, 82, 86, 16, 75, 4, 31, 19, 95]

Best cromosome [30, 85, 85, 100, 23, 10, 51, 11, 80, 0, 88, 99, 1, 93, 95, 32, 0, 54]

Best cromosome [7, 89, 60, 98, 6, 8, 44, 8, 34, 0, 87, 81, 13, 47, 83, 4, 8, 73]

Best cromosome [38, 57, 84, 86, 73, 0, 42, 6, 50, 3, 78, 98, 7, 59, 100, 60, 12, 24]

Best cromosome [14, 100, 97, 100, 21, 6, 74, 24, 57, 5, 87, 100, 1, 82, 75, 33, 5, 81]

Best cromosome [7, 47, 16, 85, 86, 8, 13, 20, 60, 4, 75, 95, 0, 73, 19, 0, 18, 24]

Best cromosome [26, 67, 71, 84, 39, 7, 75, 6, 71, 12, 84, 78, 13, 73, 100, 26, 9, 12]

Best cromosome [31, 38, 66, 68, 37, 6, 26, 14, 36, 21, 70, 99, 8, 82, 1, 21, 9, 98]

MAE mean:     0.800730605739

MZE mean:     0.590736804818

Best cromosome [32, 97, 12, 96, 37, 11, 67, 16, 73, 23, 51, 14, 75, 0, 35, 79, 36, 60]

Best cromosome [1, 90, 29, 87, 46, 53, 87, 28, 82, 8, 61, 4, 84, 4, 41, 78, 76, 59]

Best cromosome [0, 90, 17, 100, 48, 14, 86, 46, 83, 61, 80, 13, 75, 14, 48, 62, 71, 84]

Best cromosome [23, 95, 18, 95, 56, 20, 81, 28, 92, 73, 92, 7, 94, 16, 87, 74, 74, 52]

Best cromosome [25, 92, 8, 79, 27, 3, 83, 17, 96, 55, 38, 9, 100, 0, 60, 78, 45, 27]

Best cromosome [9, 93, 26, 94, 58, 72, 86, 43, 90, 19, 95, 17, 91, 2, 58, 79, 93, 48]

Best cromosome [15, 91, 26, 74, 41, 12, 63, 61, 90, 40, 93, 0, 99, 7, 38, 60, 37, 13]

Best cromosome [7, 61, 23, 100, 56, 17, 62, 74, 89, 34, 93, 18, 70, 1, 51, 27, 57, 84]

Best cromosome [13, 82, 6, 90, 25, 21, 56, 22, 83, 29, 69, 4, 88, 4, 44, 62, 54, 57]

Best cromosome [9, 92, 5, 92, 54, 59, 73, 40, 91, 32, 94, 27, 84, 9, 61, 67, 74, 65]

MAE mean:     0.765488841658

MZE mean:     0.573569783918

Best cromosome [37, 31, 73, 26, 99, 15, 9, 14, 98, 1, 100, 96, 54, 17, 67, 14, 97, 74]

Best cromosome [56, 27, 75, 33, 92, 10, 20, 15, 96, 17, 91, 97, 50, 15, 89, 22, 93, 55]

Best cromosome [24, 14, 69, 13, 81, 10, 18, 12, 92, 0, 95, 89, 53, 13, 89, 22, 92, 47]

Best cromosome [8, 35, 83, 12, 91, 42, 18, 28, 39, 2, 63, 65, 65, 48, 60, 13, 87, 19]

Best cromosome [23, 7, 74, 21, 85, 10, 39, 21, 98, 14, 96, 81, 30, 40, 54, 47, 94, 52]

Best cromosome [22, 37, 91, 38, 95, 0, 2, 3, 69, 22, 68, 84, 50, 24, 93, 15, 82, 57]

Best cromosome [42, 24, 73, 19, 92, 15, 3, 5, 99, 5, 74, 93, 53, 0, 88, 27, 84, 38]

Best cromosome [34, 36, 87, 8, 93, 9, 6, 56, 25, 36, 61, 80, 93, 33, 93, 2, 86, 9]

Best cromosome [27, 12, 90, 17, 69, 14, 37, 52, 65, 38, 64, 91, 94, 3, 71, 14, 86, 30]

Best cromosome [43, 8, 59, 22, 80, 2, 18, 14, 84, 9, 83, 97, 60, 6, 71, 41, 87, 43]

MAE mean:     0.76421360255

MZE mean:     0.58706606447

Best cromosome [83, 3, 65, 89, 35, 41, 32, 47, 95, 9, 94, 45, 28, 63, 2, 99, 33, 15]

Best cromosome [73, 13, 35, 93, 95, 6, 25, 70, 97, 21, 80, 2, 7, 78, 44, 99, 9, 9]

Best cromosome [46, 29, 27, 25, 21, 10, 18, 10, 95, 8, 76, 10, 57, 61, 8, 80, 33, 30]

Best cromosome [66, 39, 1, 96, 62, 61, 11, 81, 61, 46, 99, 8, 19, 30, 8, 38, 16, 6]

Best cromosome [21, 7, 14, 89, 71, 13, 4, 18, 89, 37, 70, 7, 1, 18, 13, 93, 13, 15]

Best cromosome [28, 63, 24, 98, 89, 53, 18, 3, 88, 62, 85, 60, 11, 32, 18, 87, 98, 52]

Best cromosome [95, 12, 20, 49, 21, 17, 3, 83, 92, 6, 79, 5, 36, 84, 10, 99, 41, 5]

Best cromosome [29, 10, 10, 88, 83, 12, 5, 10, 97, 31, 95, 11, 23, 27, 7, 92, 7, 55]

Best cromosome [24, 53, 31, 97, 93, 8, 12, 5, 83, 3, 98, 10, 1, 36, 11, 100, 40, 13]

Best cromosome [45, 71, 60, 85, 8, 3, 44, 2, 92, 36, 52, 72, 7, 74, 1, 83, 97, 54]

MAE mean:     0.803931987248

MZE mean:     0.588022493801

Best cromosome [37, 35, 8, 84, 5, 2, 96, 53, 23, 11, 7, 65, 10, 6, 93, 70, 99, 82]

Best cromosome [32, 88, 0, 85, 0, 15, 99, 93, 1, 4, 12, 27, 2, 12, 41, 31, 89, 94]

Best cromosome [28, 31, 31, 82, 4, 1, 94, 34, 46, 2, 34, 69, 1, 11, 63, 40, 88, 87]

Best cromosome [30, 67, 2, 80, 1, 0, 96, 70, 20, 0, 10, 79, 26, 9, 65, 81, 99, 71]

Best cromosome [11, 62, 4, 64, 4, 12, 96, 79, 10, 10, 17, 84, 3, 2, 57, 74, 85, 51]

Best cromosome [0, 73, 5, 62, 5, 1, 100, 47, 4, 3, 8, 54, 6, 12, 47, 77, 89, 67]

Best cromosome [47, 68, 9, 86, 2, 17, 96, 65, 1, 6, 3, 60, 2, 0, 58, 47, 83, 97]

Best cromosome [27, 64, 10, 70, 6, 12, 99, 83, 5, 6, 25, 28, 0, 14, 61, 28, 92, 94]

Best cromosome [47, 64, 6, 78, 5, 4, 94, 71, 15, 5, 2, 77, 1, 14, 70, 72, 97, 77]

Best cromosome [4, 49, 32, 83, 13, 6, 93, 30, 2, 10, 6, 99, 15, 6, 57, 88, 74, 93]

MAE mean:     0.691095465817

MZE mean:     0.559962805526

