Best cromosome [4, 1, 27, 23, 1, 1, 83, 21, 98, 5, 0, 97, 6, 64, 21, 16, 96, 12]

Best cromosome [9, 4, 10, 3, 16, 14, 49, 15, 43, 34, 7, 98, 0, 31, 11, 30, 100, 28]

Best cromosome [7, 28, 29, 36, 15, 3, 66, 18, 47, 13, 20, 100, 0, 97, 26, 44, 95, 64]

Best cromosome [25, 5, 19, 20, 21, 41, 66, 15, 46, 5, 19, 99, 0, 78, 9, 44, 95, 27]

Best cromosome [36, 5, 28, 3, 15, 38, 54, 21, 22, 6, 26, 100, 11, 40, 3, 15, 88, 44]

Best cromosome [3, 31, 13, 1, 5, 1, 65, 44, 56, 2, 23, 95, 3, 69, 20, 13, 81, 1]

Best cromosome [10, 1, 10, 1, 1, 36, 60, 11, 77, 3, 32, 98, 3, 60, 13, 59, 84, 19]

Best cromosome [34, 51, 6, 18, 6, 8, 40, 19, 64, 35, 11, 87, 10, 83, 36, 56, 92, 37]

Best cromosome [0, 1, 22, 25, 5, 7, 52, 22, 62, 5, 4, 96, 1, 72, 10, 7, 72, 18]

Best cromosome [5, 13, 1, 9, 8, 23, 54, 38, 52, 16, 18, 100, 6, 45, 17, 41, 93, 47]

MAE mean:     1.61883634431

MZE mean:     0.783953241233

Best cromosome [13, 80, 78, 86, 88, 5, 89, 71, 11, 11, 85, 19, 24, 37, 14, 2, 57, 0]

Best cromosome [26, 85, 100, 85, 55, 10, 99, 78, 3, 2, 82, 2, 30, 32, 16, 16, 59, 3]

Best cromosome [6, 74, 67, 77, 77, 13, 96, 68, 0, 3, 87, 24, 9, 11, 26, 14, 47, 15]

Best cromosome [23, 99, 64, 76, 50, 14, 97, 67, 9, 2, 90, 12, 100, 25, 66, 4, 36, 0]

Best cromosome [4, 86, 90, 64, 82, 14, 99, 92, 18, 13, 83, 3, 3, 5, 25, 12, 77, 4]

Best cromosome [10, 93, 91, 68, 48, 13, 93, 84, 4, 0, 56, 11, 37, 1, 5, 5, 56, 7]

Best cromosome [10, 82, 99, 70, 57, 3, 89, 66, 3, 5, 79, 0, 4, 10, 14, 28, 53, 5]

Best cromosome [45, 68, 86, 78, 83, 17, 92, 52, 47, 5, 51, 18, 1, 66, 8, 2, 52, 19]

Best cromosome [28, 92, 80, 98, 23, 3, 92, 39, 21, 26, 90, 21, 92, 27, 54, 8, 41, 17]

Best cromosome [1, 89, 85, 98, 87, 7, 96, 69, 22, 2, 82, 20, 15, 35, 18, 17, 39, 21]

MAE mean:     1.63227506199

MZE mean:     0.791383280198

Best cromosome [8, 70, 49, 29, 0, 10, 15, 27, 19, 68, 13, 95, 4, 0, 2, 5, 17, 36]

Best cromosome [21, 85, 23, 54, 93, 18, 16, 5, 43, 96, 10, 94, 6, 46, 27, 50, 12, 2]

Best cromosome [39, 100, 88, 50, 0, 41, 75, 27, 14, 72, 4, 93, 15, 35, 16, 97, 2, 22]

Best cromosome [18, 70, 71, 12, 67, 4, 28, 15, 8, 2, 44, 100, 77, 2, 14, 31, 79, 97]

Best cromosome [20, 73, 63, 49, 15, 10, 7, 6, 30, 5, 10, 100, 6, 0, 1, 15, 54, 36]

Best cromosome [18, 65, 52, 31, 34, 6, 5, 6, 1, 2, 10, 100, 50, 14, 2, 9, 55, 34]

Best cromosome [21, 100, 97, 89, 10, 55, 44, 12, 33, 87, 1, 97, 75, 38, 11, 69, 8, 78]

Best cromosome [4, 85, 23, 22, 7, 46, 38, 36, 31, 11, 8, 99, 20, 14, 7, 25, 19, 15]

Best cromosome [13, 93, 84, 81, 2, 74, 45, 31, 22, 48, 9, 91, 24, 17, 18, 41, 2, 65]

Best cromosome [22, 73, 59, 40, 7, 3, 41, 14, 61, 13, 5, 96, 47, 6, 7, 40, 77, 68]

MAE mean:     1.64594403117

MZE mean:     0.795363974495

Best cromosome [6, 8, 56, 9, 33, 51, 14, 28, 95, 40, 17, 58, 87, 98, 23, 70, 83, 7]

Best cromosome [5, 42, 3, 27, 13, 88, 26, 46, 95, 50, 24, 87, 58, 99, 84, 55, 50, 13]

Best cromosome [19, 84, 20, 4, 1, 53, 44, 16, 97, 35, 4, 45, 97, 94, 31, 49, 81, 18]

Best cromosome [2, 12, 1, 7, 5, 36, 40, 28, 100, 78, 21, 73, 44, 86, 26, 63, 74, 15]

Best cromosome [4, 70, 7, 10, 1, 37, 27, 39, 98, 55, 4, 55, 100, 99, 9, 67, 78, 8]

Best cromosome [20, 43, 10, 35, 5, 37, 13, 43, 92, 72, 1, 91, 81, 93, 12, 69, 78, 10]

Best cromosome [9, 37, 20, 12, 10, 65, 13, 14, 99, 23, 3, 67, 93, 81, 10, 79, 85, 15]

Best cromosome [16, 10, 6, 15, 30, 74, 3, 24, 94, 34, 6, 89, 66, 100, 25, 65, 57, 8]

Best cromosome [1, 47, 6, 10, 4, 54, 6, 67, 92, 44, 84, 52, 55, 95, 18, 90, 96, 5]

Best cromosome [3, 55, 6, 13, 33, 92, 14, 18, 96, 46, 88, 72, 92, 97, 36, 85, 72, 13]

MAE mean:     1.64189691817

MZE mean:     0.785733262487

Best cromosome [4, 48, 1, 85, 1, 11, 88, 16, 22, 29, 94, 95, 75, 6, 46, 8, 5, 12]

Best cromosome [15, 72, 3, 85, 13, 29, 90, 26, 2, 41, 95, 98, 81, 3, 3, 18, 17, 32]

Best cromosome [30, 76, 25, 56, 0, 22, 96, 12, 14, 36, 97, 93, 19, 5, 17, 48, 2, 13]

Best cromosome [3, 60, 3, 73, 6, 28, 98, 0, 20, 39, 98, 100, 66, 0, 0, 8, 27, 24]

Best cromosome [2, 38, 26, 82, 2, 44, 47, 13, 25, 17, 93, 99, 80, 7, 24, 4, 6, 2]

Best cromosome [12, 48, 9, 99, 5, 5, 72, 8, 61, 0, 94, 92, 93, 50, 35, 15, 19, 4]

Best cromosome [10, 40, 7, 77, 13, 2, 73, 25, 49, 26, 99, 91, 71, 6, 7, 3, 16, 3]

Best cromosome [1, 64, 35, 70, 2, 43, 84, 0, 16, 17, 71, 100, 12, 4, 2, 34, 0, 0]

Best cromosome [7, 57, 6, 76, 0, 14, 78, 4, 39, 12, 100, 99, 84, 14, 10, 17, 19, 24]

Best cromosome [9, 55, 2, 68, 16, 12, 87, 54, 43, 1, 96, 98, 96, 11, 11, 24, 1, 7]

MAE mean:     1.53943499823

MZE mean:     0.783784980517

