Best cromosome [16, 74, 70, 82, 9, 1, 15, 47, 79, 40, 100, 37, 16, 27, 5, 38, 89, 100]

Best cromosome [62, 65, 61, 12, 55, 2, 98, 16, 3, 17, 93, 13, 40, 32, 24, 97, 94, 85]

Best cromosome [4, 90, 65, 4, 83, 9, 55, 54, 21, 0, 99, 12, 23, 48, 20, 57, 56, 49]

Best cromosome [4, 84, 89, 1, 38, 43, 60, 68, 13, 5, 90, 11, 22, 22, 0, 84, 65, 52]

Best cromosome [25, 13, 35, 16, 48, 10, 25, 30, 9, 9, 87, 12, 37, 11, 19, 74, 86, 80]

Best cromosome [48, 40, 97, 48, 15, 46, 58, 12, 24, 7, 52, 31, 72, 29, 22, 79, 53, 91]

Best cromosome [10, 37, 81, 14, 10, 49, 18, 9, 65, 17, 91, 34, 79, 6, 1, 67, 88, 69]

Best cromosome [7, 41, 77, 12, 27, 62, 56, 17, 0, 11, 87, 48, 13, 9, 50, 69, 100, 84]

Best cromosome [32, 28, 74, 16, 8, 28, 78, 34, 39, 28, 91, 24, 71, 11, 4, 99, 95, 98]

Best cromosome [4, 80, 64, 41, 11, 23, 60, 11, 5, 36, 75, 58, 37, 36, 7, 55, 97, 16]

MAE mean:     0.246153846154

MZE mean:     0.246153846154

Best cromosome [34, 23, 86, 6, 0, 53, 26, 72, 8, 82, 82, 56, 54, 74, 89, 98, 90, 40]

Best cromosome [92, 15, 90, 27, 30, 4, 19, 42, 13, 90, 10, 59, 0, 5, 60, 31, 77, 24]

Best cromosome [24, 22, 68, 6, 37, 33, 72, 5, 47, 78, 99, 22, 54, 72, 80, 11, 69, 6]

Best cromosome [87, 15, 100, 57, 52, 14, 99, 20, 0, 99, 64, 56, 37, 23, 93, 25, 4, 9]

Best cromosome [74, 32, 55, 15, 47, 0, 5, 1, 13, 52, 69, 58, 4, 31, 62, 65, 24, 0]

Best cromosome [63, 7, 86, 43, 5, 60, 4, 53, 59, 74, 38, 70, 52, 14, 88, 47, 76, 32]

Best cromosome [78, 1, 80, 19, 4, 28, 23, 4, 43, 53, 96, 79, 7, 80, 59, 24, 47, 8]

Best cromosome [87, 24, 74, 26, 89, 23, 1, 95, 11, 72, 97, 57, 23, 24, 79, 56, 27, 2]

Best cromosome [60, 15, 66, 34, 56, 10, 60, 2, 35, 67, 59, 77, 76, 41, 70, 13, 74, 5]

Best cromosome [68, 35, 95, 1, 73, 22, 26, 23, 9, 86, 39, 52, 15, 53, 38, 25, 91, 16]

MAE mean:     0.184615384615

MZE mean:     0.184615384615

Best cromosome [16, 74, 70, 82, 9, 1, 15, 47, 79, 40, 100, 37, 16, 27, 5, 38, 89, 100]

Best cromosome [62, 65, 61, 12, 55, 2, 98, 16, 3, 17, 93, 13, 40, 32, 24, 97, 94, 85]

Best cromosome [4, 90, 65, 4, 83, 9, 55, 54, 21, 0, 99, 12, 23, 48, 20, 57, 56, 49]

Best cromosome [4, 84, 89, 1, 38, 43, 60, 68, 13, 5, 90, 11, 22, 22, 0, 84, 65, 52]

Best cromosome [25, 13, 35, 16, 48, 10, 25, 30, 9, 9, 87, 12, 37, 11, 19, 74, 86, 80]

Best cromosome [48, 40, 97, 48, 15, 46, 58, 12, 24, 7, 52, 31, 72, 29, 22, 79, 53, 91]

Best cromosome [10, 37, 81, 14, 10, 49, 18, 9, 65, 17, 91, 34, 79, 6, 1, 67, 88, 69]

Best cromosome [7, 41, 77, 12, 27, 62, 56, 17, 0, 11, 87, 48, 13, 9, 50, 69, 100, 84]

Best cromosome [32, 28, 74, 16, 8, 28, 78, 34, 39, 28, 91, 24, 71, 11, 4, 99, 95, 98]

Best cromosome [4, 80, 64, 41, 11, 23, 60, 11, 5, 36, 75, 58, 37, 36, 7, 55, 97, 16]

MAE mean:     0.246153846154

MZE mean:     0.246153846154

Best cromosome [70, 34, 48, 89, 99, 94, 60, 84, 26, 50, 13, 13, 70, 9, 49, 2, 93, 89]

Best cromosome [83, 19, 9, 87, 57, 96, 50, 88, 4, 73, 15, 12, 16, 38, 46, 60, 48, 92]

Best cromosome [54, 7, 21, 11, 37, 34, 76, 23, 62, 81, 29, 74, 53, 13, 52, 50, 90, 25]

Best cromosome [90, 8, 7, 71, 99, 24, 76, 95, 3, 34, 24, 39, 28, 9, 8, 24, 62, 54]

Best cromosome [20, 63, 60, 21, 1, 84, 53, 39, 93, 57, 0, 89, 80, 34, 24, 47, 56, 24]

Best cromosome [48, 23, 19, 100, 88, 52, 83, 49, 9, 7, 1, 5, 77, 15, 7, 14, 98, 77]

Best cromosome [78, 17, 23, 99, 67, 25, 73, 99, 19, 6, 0, 99, 3, 0, 88, 3, 87, 63]

Best cromosome [19, 64, 68, 88, 7, 77, 55, 27, 72, 24, 27, 39, 11, 63, 3, 30, 82, 3]

Best cromosome [44, 15, 31, 99, 67, 20, 59, 80, 36, 59, 80, 16, 25, 21, 22, 10, 94, 90]

Best cromosome [24, 88, 50, 33, 24, 44, 14, 45, 0, 36, 99, 47, 45, 62, 35, 3, 86, 23]

MAE mean:     0.330769230769

MZE mean:     0.330769230769

Best cromosome [82, 44, 0, 17, 38, 51, 2, 93, 53, 34, 95, 14, 33, 37, 47, 73, 49, 4]

Best cromosome [2, 6, 0, 19, 29, 25, 43, 70, 60, 97, 79, 9, 3, 79, 76, 14, 64, 3]

Best cromosome [3, 3, 21, 20, 85, 39, 9, 91, 42, 47, 41, 13, 24, 94, 81, 11, 17, 45]

Best cromosome [3, 4, 1, 14, 27, 71, 3, 97, 100, 89, 48, 1, 7, 32, 77, 33, 57, 10]

Best cromosome [10, 9, 8, 8, 0, 89, 31, 47, 87, 48, 91, 0, 2, 34, 100, 40, 23, 4]

Best cromosome [2, 3, 1, 30, 38, 73, 7, 69, 33, 55, 56, 11, 7, 70, 95, 10, 72, 48]

Best cromosome [14, 1, 10, 2, 2, 70, 43, 89, 34, 67, 100, 1, 13, 61, 100, 32, 11, 16]

Best cromosome [25, 8, 10, 33, 61, 52, 11, 83, 64, 90, 76, 0, 4, 82, 93, 0, 76, 48]

Best cromosome [5, 7, 1, 8, 39, 73, 8, 64, 67, 34, 94, 9, 3, 80, 100, 39, 34, 30]

Best cromosome [10, 16, 6, 41, 54, 20, 1, 95, 97, 87, 49, 5, 4, 66, 100, 89, 40, 41]

MAE mean:     0.238461538462

MZE mean:     0.238461538462

