Best cromosome [54, 40, 3, 4, 4, 2, 8, 89, 68, 25, 83, 100, 61, 25, 91, 92, 1, 75]

Best cromosome [36, 1, 7, 4, 5, 22, 14, 90, 65, 16, 92, 99, 82, 25, 67, 92, 5, 92]

Best cromosome [96, 4, 12, 0, 9, 9, 6, 59, 8, 28, 87, 91, 78, 50, 38, 13, 5, 99]

Best cromosome [48, 22, 4, 7, 16, 4, 7, 82, 5, 0, 86, 97, 79, 4, 28, 86, 9, 77]

Best cromosome [98, 63, 16, 11, 0, 18, 8, 79, 93, 75, 10, 81, 83, 2, 87, 17, 36, 89]

Best cromosome [79, 3, 28, 1, 6, 5, 4, 59, 33, 7, 93, 88, 71, 42, 98, 35, 9, 34]

Best cromosome [76, 18, 9, 1, 2, 14, 2, 57, 50, 10, 73, 85, 76, 35, 80, 42, 8, 59]

Best cromosome [96, 18, 10, 1, 1, 8, 3, 80, 39, 26, 97, 86, 95, 74, 98, 41, 1, 90]

Best cromosome [80, 10, 2, 1, 5, 30, 7, 82, 68, 6, 84, 92, 76, 14, 98, 32, 22, 51]

Best cromosome [62, 11, 5, 1, 14, 4, 1, 88, 81, 3, 83, 92, 94, 58, 61, 100, 8, 94]

MAE mean:     1.48492193374

MZE mean:     0.738139678889

Best cromosome [35, 100, 2, 73, 82, 45, 14, 40, 57, 39, 48, 100, 54, 78, 1, 52, 92, 61]

Best cromosome [22, 100, 46, 54, 82, 56, 31, 28, 36, 3, 27, 98, 0, 78, 14, 42, 86, 12]

Best cromosome [5, 87, 20, 58, 98, 6, 10, 33, 12, 56, 30, 89, 33, 84, 35, 33, 92, 15]

Best cromosome [30, 89, 13, 56, 93, 27, 19, 18, 10, 2, 51, 100, 33, 99, 7, 22, 66, 28]

Best cromosome [38, 96, 29, 66, 89, 33, 33, 35, 59, 27, 49, 96, 44, 73, 0, 51, 78, 46]

Best cromosome [47, 93, 53, 83, 99, 21, 66, 38, 56, 42, 14, 87, 29, 76, 7, 85, 81, 74]

Best cromosome [44, 94, 63, 81, 100, 23, 6, 24, 29, 0, 74, 99, 79, 99, 5, 0, 64, 45]

Best cromosome [19, 66, 32, 62, 91, 42, 12, 31, 22, 8, 51, 85, 35, 95, 10, 34, 80, 22]

Best cromosome [13, 92, 16, 35, 96, 44, 25, 2, 40, 10, 44, 86, 11, 57, 18, 7, 44, 41]

Best cromosome [31, 95, 37, 89, 100, 22, 53, 60, 49, 22, 62, 91, 3, 94, 30, 41, 91, 4]

MAE mean:     1.50321995665

MZE mean:     0.754394267769

Best cromosome [78, 88, 99, 21, 22, 1, 33, 53, 14, 25, 9, 94, 28, 58, 77, 70, 39, 1]

Best cromosome [71, 99, 100, 20, 19, 64, 13, 58, 55, 41, 8, 95, 3, 92, 24, 97, 34, 17]

Best cromosome [53, 86, 93, 17, 25, 6, 18, 52, 0, 5, 35, 88, 48, 67, 38, 80, 9, 2]

Best cromosome [65, 67, 99, 23, 26, 38, 27, 73, 36, 9, 3, 90, 13, 43, 42, 58, 47, 15]

Best cromosome [97, 100, 94, 1, 22, 33, 27, 39, 71, 18, 9, 92, 11, 80, 25, 98, 19, 39]

Best cromosome [80, 85, 97, 32, 15, 6, 29, 36, 22, 4, 4, 100, 29, 58, 40, 68, 62, 16]

Best cromosome [49, 48, 95, 10, 11, 15, 34, 54, 28, 26, 5, 78, 0, 31, 60, 91, 20, 5]

Best cromosome [96, 100, 97, 23, 30, 17, 38, 37, 63, 67, 14, 94, 7, 38, 58, 92, 35, 19]

Best cromosome [81, 100, 95, 1, 18, 7, 2, 64, 67, 64, 21, 100, 37, 71, 10, 98, 23, 24]

Best cromosome [45, 74, 80, 9, 13, 10, 2, 39, 39, 24, 22, 93, 14, 35, 43, 99, 12, 41]

MAE mean:     1.48789420142

MZE mean:     0.765093546818

Best cromosome [87, 73, 95, 1, 38, 61, 81, 49, 9, 88, 43, 73, 30, 81, 9, 66, 51, 89]

Best cromosome [78, 88, 90, 35, 9, 31, 58, 58, 10, 82, 58, 75, 29, 66, 5, 13, 48, 100]

Best cromosome [76, 40, 68, 14, 25, 62, 18, 77, 15, 73, 76, 93, 13, 89, 16, 32, 55, 87]

Best cromosome [88, 77, 91, 35, 20, 80, 69, 81, 9, 64, 49, 86, 28, 100, 34, 8, 81, 100]

Best cromosome [10, 18, 25, 50, 4, 70, 32, 99, 31, 67, 18, 72, 11, 43, 42, 72, 91, 95]

Best cromosome [78, 61, 71, 21, 15, 55, 26, 65, 4, 51, 76, 80, 18, 74, 7, 5, 52, 80]

Best cromosome [53, 73, 58, 21, 18, 81, 69, 65, 1, 49, 17, 45, 13, 76, 40, 52, 41, 62]

Best cromosome [84, 27, 52, 22, 4, 66, 12, 80, 22, 62, 83, 68, 8, 58, 20, 53, 70, 90]

Best cromosome [45, 22, 74, 46, 7, 54, 41, 65, 16, 78, 80, 84, 11, 91, 43, 34, 50, 83]

Best cromosome [77, 92, 87, 29, 9, 53, 63, 61, 7, 79, 58, 89, 33, 87, 27, 22, 59, 89]

MAE mean:     1.5860807643

MZE mean:     0.780724490247

Best cromosome [15, 40, 76, 68, 73, 4, 50, 80, 67, 7, 94, 100, 0, 76, 1, 98, 57, 4]

Best cromosome [20, 17, 72, 92, 86, 4, 97, 60, 96, 2, 100, 67, 3, 70, 2, 100, 78, 22]

Best cromosome [100, 84, 89, 28, 48, 10, 85, 79, 95, 8, 89, 94, 10, 70, 7, 47, 91, 15]

Best cromosome [87, 22, 99, 76, 27, 4, 78, 27, 80, 9, 97, 97, 7, 98, 11, 57, 75, 4]

Best cromosome [85, 85, 100, 51, 46, 8, 88, 87, 92, 22, 75, 92, 4, 100, 4, 63, 100, 1]

Best cromosome [100, 81, 93, 52, 63, 11, 85, 94, 84, 19, 77, 84, 11, 54, 0, 34, 87, 1]

Best cromosome [41, 30, 95, 79, 57, 29, 75, 9, 76, 6, 75, 91, 4, 64, 1, 69, 25, 10]

Best cromosome [94, 73, 83, 98, 31, 29, 17, 73, 47, 6, 83, 80, 61, 18, 8, 35, 12, 23]

Best cromosome [30, 28, 93, 67, 41, 14, 59, 18, 82, 3, 66, 90, 3, 74, 10, 71, 15, 9]

Best cromosome [52, 76, 64, 54, 48, 34, 51, 32, 80, 13, 74, 93, 0, 53, 32, 88, 66, 21]

MAE mean:     1.48479366624

MZE mean:     0.760418417444

