Best cromosome [99, 40, 60, 41, 7, 32, 13, 4, 3, 41, 81, 100, 34, 26, 5, 26, 8, 60]

Best cromosome [97, 58, 82, 42, 39, 56, 9, 3, 31, 59, 87, 99, 5, 36, 14, 1, 7, 32]

Best cromosome [99, 0, 27, 40, 33, 61, 15, 5, 55, 28, 99, 100, 100, 27, 12, 22, 58, 23]

Best cromosome [93, 100, 12, 53, 24, 10, 7, 21, 79, 77, 95, 99, 7, 13, 14, 47, 53, 13]

Best cromosome [96, 72, 88, 53, 17, 20, 14, 3, 97, 50, 78, 92, 92, 37, 17, 2, 44, 54]

Best cromosome [79, 11, 66, 83, 25, 9, 17, 11, 99, 55, 74, 81, 81, 35, 0, 5, 32, 56]

Best cromosome [94, 33, 80, 19, 5, 24, 1, 13, 8, 100, 93, 91, 13, 15, 33, 1, 11, 44]

Best cromosome [92, 54, 82, 18, 12, 35, 0, 2, 22, 31, 64, 100, 21, 30, 13, 30, 8, 58]

Best cromosome [89, 28, 35, 54, 8, 12, 10, 2, 63, 52, 75, 86, 76, 16, 4, 8, 38, 23]

Best cromosome [95, 35, 62, 70, 16, 21, 20, 7, 89, 24, 85, 91, 58, 22, 10, 20, 38, 31]

MAE mean:     1.0933472958

MZE mean:     0.735961562154

Best cromosome [97, 3, 63, 86, 0, 88, 96, 57, 13, 21, 92, 5, 7, 98, 22, 31, 68, 26]

Best cromosome [23, 63, 3, 57, 90, 53, 10, 47, 36, 7, 91, 13, 3, 99, 66, 59, 21, 0]

Best cromosome [98, 3, 65, 80, 37, 79, 34, 51, 0, 68, 96, 78, 13, 73, 4, 28, 13, 2]

Best cromosome [96, 22, 85, 84, 15, 24, 69, 93, 10, 28, 59, 39, 4, 97, 70, 48, 22, 13]

Best cromosome [91, 31, 98, 83, 6, 17, 49, 80, 24, 10, 79, 3, 30, 29, 57, 14, 24, 11]

Best cromosome [83, 34, 97, 99, 9, 89, 59, 70, 18, 62, 63, 20, 0, 71, 69, 99, 67, 7]

Best cromosome [71, 30, 55, 26, 12, 94, 2, 57, 16, 91, 34, 4, 14, 86, 4, 0, 5, 8]

Best cromosome [100, 18, 55, 57, 23, 23, 91, 80, 27, 90, 45, 67, 7, 97, 42, 84, 16, 16]

Best cromosome [15, 12, 20, 72, 98, 20, 2, 10, 52, 9, 99, 31, 10, 74, 11, 21, 6, 3]

Best cromosome [77, 16, 91, 90, 17, 34, 43, 95, 28, 35, 47, 20, 4, 49, 8, 18, 1, 31]

MAE mean:     1.14311937908

MZE mean:     0.762042626586

Best cromosome [17, 77, 1, 4, 20, 22, 95, 93, 5, 3, 72, 42, 52, 21, 96, 63, 89, 64]

Best cromosome [1, 98, 26, 0, 0, 40, 92, 47, 3, 46, 91, 26, 15, 74, 44, 59, 92, 100]

Best cromosome [40, 87, 4, 0, 2, 10, 87, 27, 61, 14, 87, 15, 50, 74, 26, 99, 56, 81]

Best cromosome [3, 63, 35, 4, 0, 26, 95, 74, 46, 2, 59, 29, 91, 40, 43, 66, 52, 50]

Best cromosome [0, 56, 28, 1, 6, 0, 93, 47, 54, 9, 80, 22, 48, 41, 57, 98, 88, 51]

Best cromosome [0, 18, 24, 14, 21, 24, 100, 60, 70, 13, 81, 31, 22, 12, 42, 100, 78, 73]

Best cromosome [10, 61, 32, 1, 1, 2, 93, 64, 70, 5, 65, 60, 73, 17, 61, 98, 90, 24]

Best cromosome [4, 71, 7, 8, 1, 13, 97, 92, 17, 10, 80, 9, 87, 35, 56, 75, 96, 76]

Best cromosome [27, 57, 6, 13, 0, 7, 90, 73, 15, 43, 73, 12, 1, 3, 42, 99, 71, 100]

Best cromosome [8, 92, 37, 10, 0, 6, 92, 70, 39, 4, 77, 6, 92, 68, 96, 61, 83, 87]

MAE mean:     1.14559566342

MZE mean:     0.749599605766

Best cromosome [31, 3, 4, 49, 22, 69, 49, 9, 95, 60, 96, 53, 84, 88, 66, 70, 28, 2]

Best cromosome [11, 2, 8, 82, 18, 14, 20, 1, 72, 61, 67, 98, 30, 100, 16, 5, 43, 12]

Best cromosome [42, 3, 26, 4, 32, 41, 72, 4, 94, 33, 42, 65, 31, 42, 59, 73, 95, 56]

Best cromosome [7, 17, 8, 51, 60, 76, 53, 17, 76, 60, 87, 62, 89, 91, 18, 87, 9, 20]

Best cromosome [34, 3, 17, 61, 22, 80, 36, 4, 97, 93, 83, 70, 61, 91, 6, 78, 31, 39]

Best cromosome [27, 39, 4, 72, 49, 77, 84, 11, 95, 81, 90, 77, 98, 100, 23, 69, 61, 26]

Best cromosome [4, 35, 2, 49, 31, 80, 34, 20, 89, 70, 83, 57, 47, 91, 39, 66, 34, 8]

Best cromosome [13, 1, 3, 85, 1, 84, 81, 41, 44, 34, 70, 55, 40, 96, 75, 4, 4, 21]

Best cromosome [10, 8, 14, 42, 86, 66, 70, 9, 94, 58, 59, 24, 86, 100, 14, 98, 11, 58]

Best cromosome [17, 13, 7, 52, 47, 76, 70, 5, 81, 46, 73, 41, 96, 97, 35, 52, 34, 26]

MAE mean:     1.16056424787

MZE mean:     0.766009609462

Best cromosome [22, 62, 100, 19, 66, 51, 44, 9, 31, 55, 0, 69, 10, 6, 56, 86, 18, 4]

Best cromosome [36, 92, 65, 4, 58, 49, 23, 16, 6, 97, 27, 98, 1, 46, 23, 87, 91, 17]

Best cromosome [39, 78, 92, 65, 83, 22, 38, 13, 13, 38, 5, 99, 10, 50, 78, 89, 17, 66]

Best cromosome [20, 39, 74, 67, 79, 19, 27, 20, 6, 78, 1, 97, 19, 20, 21, 90, 5, 27]

Best cromosome [25, 70, 84, 82, 74, 91, 75, 17, 10, 33, 12, 92, 41, 43, 66, 97, 1, 20]

Best cromosome [19, 61, 97, 62, 99, 6, 58, 32, 1, 40, 1, 99, 5, 10, 35, 100, 16, 98]

Best cromosome [45, 100, 83, 6, 91, 12, 68, 3, 3, 59, 17, 99, 29, 64, 92, 88, 33, 88]

Best cromosome [30, 99, 96, 44, 46, 78, 69, 12, 15, 34, 10, 98, 26, 37, 60, 93, 5, 8]

Best cromosome [8, 37, 47, 3, 63, 23, 17, 15, 1, 80, 44, 99, 0, 3, 48, 89, 39, 38]

Best cromosome [0, 64, 64, 15, 60, 67, 27, 21, 11, 76, 22, 100, 3, 35, 7, 68, 28, 4]

MAE mean:     1.15009239867

MZE mean:     0.765775532832

