Best cromosome [77, 87, 28, 95, 50, 21, 5, 93, 15, 10, 98, 43, 16, 0, 19, 91, 3, 35]

Best cromosome [69, 98, 28, 100, 22, 40, 9, 92, 1, 13, 51, 16, 29, 2, 23, 97, 19, 27]

Best cromosome [95, 71, 6, 95, 79, 5, 10, 21, 1, 20, 40, 3, 0, 23, 33, 80, 4, 95]

Best cromosome [56, 90, 14, 82, 79, 3, 21, 32, 15, 20, 9, 3, 1, 0, 3, 75, 25, 86]

Best cromosome [74, 100, 10, 97, 68, 0, 14, 2, 9, 14, 17, 10, 15, 1, 7, 65, 2, 65]

Best cromosome [83, 75, 48, 93, 82, 4, 20, 43, 7, 0, 73, 13, 29, 1, 0, 85, 12, 96]

Best cromosome [95, 2, 47, 72, 72, 29, 16, 61, 29, 6, 25, 0, 13, 0, 1, 26, 14, 78]

Best cromosome [78, 100, 91, 95, 91, 4, 10, 24, 10, 7, 72, 3, 0, 0, 2, 72, 8, 60]

Best cromosome [100, 83, 59, 96, 63, 4, 10, 19, 19, 38, 62, 4, 7, 10, 0, 39, 12, 28]

Best cromosome [73, 77, 19, 89, 72, 1, 16, 9, 18, 0, 0, 11, 4, 34, 10, 94, 39, 92]

MAE mean:     0.0185185185185

MZE mean:     0.0185185185185

Best cromosome [91, 72, 2, 75, 82, 79, 49, 40, 41, 25, 5, 22, 16, 27, 34, 76, 46, 35]

Best cromosome [64, 92, 96, 13, 48, 40, 10, 4, 10, 14, 35, 17, 99, 38, 16, 69, 15, 10]

Best cromosome [76, 59, 57, 41, 82, 13, 12, 73, 14, 0, 42, 9, 95, 4, 7, 93, 23, 15]

Best cromosome [100, 99, 24, 76, 53, 68, 4, 41, 34, 2, 91, 31, 74, 36, 2, 20, 26, 43]

Best cromosome [62, 97, 41, 89, 58, 12, 25, 54, 63, 32, 72, 23, 60, 73, 12, 86, 12, 2]

Best cromosome [83, 35, 63, 32, 41, 20, 69, 88, 66, 0, 73, 28, 97, 5, 33, 68, 18, 0]

Best cromosome [89, 86, 58, 45, 57, 4, 3, 61, 92, 6, 83, 33, 45, 60, 0, 100, 5, 29]

Best cromosome [94, 91, 54, 76, 74, 26, 30, 39, 64, 5, 72, 48, 48, 39, 46, 61, 25, 29]

Best cromosome [96, 46, 28, 87, 86, 6, 1, 40, 12, 26, 76, 0, 98, 8, 11, 99, 53, 45]

Best cromosome [48, 78, 3, 38, 85, 14, 10, 9, 22, 5, 67, 32, 29, 42, 10, 65, 56, 78]

MAE mean:     0.0296296296296

MZE mean:     0.0296296296296

Best cromosome [86, 58, 4, 87, 68, 47, 88, 26, 23, 21, 77, 76, 24, 21, 46, 98, 1, 27]

Best cromosome [11, 88, 31, 50, 97, 13, 58, 15, 59, 17, 96, 44, 11, 55, 59, 77, 7, 10]

Best cromosome [94, 85, 72, 98, 85, 38, 54, 33, 24, 53, 74, 13, 13, 74, 24, 88, 2, 45]

Best cromosome [78, 76, 14, 91, 34, 3, 74, 13, 20, 21, 50, 7, 7, 5, 2, 40, 17, 69]

Best cromosome [80, 49, 14, 79, 12, 27, 22, 9, 27, 2, 17, 8, 9, 20, 19, 40, 0, 33]

Best cromosome [85, 30, 2, 68, 94, 78, 91, 35, 2, 36, 40, 15, 81, 35, 27, 83, 15, 25]

Best cromosome [76, 100, 64, 66, 97, 12, 63, 26, 33, 26, 91, 26, 21, 10, 25, 88, 79, 30]

Best cromosome [43, 58, 16, 96, 67, 15, 32, 44, 14, 9, 97, 85, 21, 0, 4, 64, 67, 0]

Best cromosome [96, 88, 0, 85, 7, 7, 26, 16, 45, 7, 85, 4, 1, 9, 10, 57, 2, 90]

Best cromosome [80, 12, 28, 84, 79, 9, 52, 7, 16, 9, 69, 30, 19, 63, 27, 97, 39, 38]

MAE mean:     0.037037037037

MZE mean:     0.037037037037

Best cromosome [35, 76, 97, 42, 89, 43, 22, 75, 9, 39, 77, 66, 54, 27, 86, 70, 89, 69]

Best cromosome [98, 68, 52, 83, 90, 79, 2, 29, 47, 42, 79, 83, 14, 6, 25, 67, 83, 93]

Best cromosome [41, 80, 6, 73, 91, 38, 19, 66, 32, 11, 69, 69, 45, 42, 74, 40, 60, 84]

Best cromosome [91, 1, 56, 95, 5, 25, 40, 28, 44, 46, 64, 86, 4, 34, 30, 93, 52, 35]

Best cromosome [79, 48, 100, 92, 74, 10, 31, 55, 62, 27, 92, 39, 4, 46, 43, 22, 21, 61]

Best cromosome [47, 24, 35, 57, 90, 22, 55, 76, 31, 6, 93, 99, 51, 32, 15, 49, 42, 34]

Best cromosome [65, 26, 64, 15, 23, 56, 64, 33, 53, 26, 32, 45, 4, 20, 23, 83, 81, 76]

Best cromosome [58, 58, 48, 62, 69, 37, 1, 3, 29, 3, 70, 91, 51, 37, 56, 46, 66, 40]

Best cromosome [17, 34, 60, 96, 74, 68, 51, 59, 16, 80, 80, 86, 9, 100, 61, 60, 69, 100]

Best cromosome [72, 71, 59, 65, 54, 19, 52, 59, 14, 33, 49, 83, 3, 81, 18, 42, 2, 31]

MAE mean:     0.0296296296296

MZE mean:     0.0296296296296

Best cromosome [30, 89, 1, 27, 5, 32, 46, 40, 45, 45, 82, 94, 21, 22, 95, 50, 5, 67]

Best cromosome [70, 75, 7, 4, 18, 87, 9, 38, 91, 87, 91, 74, 37, 3, 90, 80, 43, 97]

Best cromosome [28, 63, 6, 25, 1, 53, 4, 31, 79, 59, 40, 39, 43, 15, 95, 62, 8, 98]

Best cromosome [79, 42, 7, 41, 2, 65, 52, 6, 77, 11, 81, 29, 29, 57, 94, 88, 5, 67]

Best cromosome [86, 84, 26, 5, 2, 82, 25, 18, 31, 37, 97, 73, 79, 39, 100, 98, 11, 9]

Best cromosome [96, 22, 11, 14, 5, 1, 0, 60, 1, 40, 80, 91, 29, 82, 95, 67, 2, 86]

Best cromosome [87, 40, 16, 6, 8, 76, 70, 2, 39, 51, 57, 12, 37, 57, 92, 91, 1, 34]

Best cromosome [66, 33, 0, 8, 9, 11, 44, 66, 38, 30, 76, 90, 0, 11, 92, 98, 8, 15]

Best cromosome [99, 74, 0, 6, 6, 100, 66, 80, 71, 19, 89, 27, 31, 6, 85, 92, 25, 36]

Best cromosome [79, 81, 6, 12, 21, 7, 56, 10, 59, 51, 48, 22, 56, 84, 97, 92, 0, 70]

MAE mean:     0.0388888888889

MZE mean:     0.0388888888889

