Best cromosome [7, 62, 54, 10, 100, 2, 87, 65, 40, 4, 68, 43, 42, 6, 3, 93, 5, 56]

Best cromosome [57, 90, 58, 11, 97, 5, 87, 65, 79, 14, 39, 16, 64, 12, 14, 97, 1, 23]

Best cromosome [6, 85, 71, 0, 95, 16, 97, 76, 43, 17, 82, 40, 78, 1, 19, 89, 0, 20]

Best cromosome [8, 78, 76, 6, 95, 36, 98, 80, 84, 34, 95, 12, 59, 5, 8, 52, 5, 17]

Best cromosome [2, 96, 63, 47, 64, 31, 47, 43, 25, 0, 5, 8, 20, 30, 12, 99, 13, 12]

Best cromosome [3, 80, 81, 7, 95, 27, 90, 44, 98, 8, 85, 15, 80, 4, 27, 99, 16, 3]

Best cromosome [17, 46, 66, 12, 90, 13, 94, 34, 59, 10, 74, 7, 71, 4, 0, 89, 4, 2]

Best cromosome [13, 50, 95, 28, 97, 23, 81, 44, 39, 9, 64, 31, 69, 10, 11, 85, 3, 4]

Best cromosome [42, 86, 87, 19, 98, 24, 93, 94, 83, 18, 65, 35, 85, 8, 7, 96, 2, 57]

Best cromosome [39, 89, 51, 9, 83, 11, 60, 54, 79, 9, 24, 16, 15, 37, 1, 99, 9, 21]

MAE mean:     0.698757132116

MZE mean:     0.557645185546

Best cromosome [31, 97, 11, 54, 94, 64, 2, 7, 92, 22, 29, 49, 16, 99, 37, 2, 35, 35]

Best cromosome [31, 87, 19, 53, 86, 68, 3, 0, 79, 4, 27, 46, 4, 92, 75, 26, 12, 57]

Best cromosome [61, 84, 12, 75, 98, 58, 6, 9, 66, 8, 12, 16, 6, 99, 50, 17, 19, 81]

Best cromosome [37, 99, 1, 68, 95, 36, 14, 5, 80, 63, 25, 34, 4, 97, 63, 2, 24, 59]

Best cromosome [48, 93, 9, 58, 85, 65, 22, 9, 71, 21, 23, 24, 6, 96, 85, 9, 8, 27]

Best cromosome [69, 82, 5, 68, 85, 5, 23, 2, 56, 27, 0, 2, 0, 100, 58, 15, 4, 96]

Best cromosome [44, 66, 15, 71, 97, 26, 48, 6, 98, 45, 55, 11, 3, 93, 80, 0, 7, 69]

Best cromosome [66, 82, 16, 60, 99, 25, 6, 11, 81, 36, 12, 43, 7, 96, 25, 0, 17, 36]

Best cromosome [24, 91, 21, 72, 86, 43, 2, 2, 95, 42, 7, 53, 1, 97, 51, 19, 33, 44]

Best cromosome [17, 70, 23, 54, 81, 65, 67, 20, 87, 4, 39, 6, 9, 96, 98, 24, 1, 47]

MAE mean:     0.685342120395

MZE mean:     0.527312132337

Best cromosome [85, 12, 34, 61, 43, 5, 54, 88, 5, 0, 0, 60, 3, 1, 65, 93, 38, 25]

Best cromosome [61, 7, 8, 44, 40, 2, 47, 89, 6, 5, 10, 11, 0, 20, 92, 100, 72, 9]

Best cromosome [74, 4, 6, 79, 72, 1, 85, 91, 9, 11, 22, 57, 13, 0, 63, 99, 56, 17]

Best cromosome [79, 5, 12, 54, 66, 5, 75, 97, 5, 6, 4, 36, 6, 3, 66, 100, 47, 4]

Best cromosome [86, 3, 4, 84, 31, 0, 47, 81, 4, 14, 0, 49, 2, 2, 75, 98, 34, 39]

Best cromosome [62, 3, 2, 74, 72, 37, 45, 95, 0, 27, 32, 50, 13, 11, 58, 99, 46, 35]

Best cromosome [80, 8, 31, 79, 66, 2, 81, 94, 3, 23, 51, 98, 2, 7, 100, 82, 60, 45]

Best cromosome [56, 1, 38, 72, 83, 12, 23, 98, 10, 30, 17, 55, 26, 25, 78, 92, 49, 25]

Best cromosome [58, 4, 0, 81, 26, 6, 26, 94, 5, 5, 66, 71, 17, 3, 95, 99, 80, 72]

Best cromosome [77, 0, 2, 38, 80, 4, 51, 77, 4, 26, 4, 74, 6, 9, 75, 98, 12, 45]

MAE mean:     0.749382989075

MZE mean:     0.548476270512

Best cromosome [64, 65, 20, 84, 0, 1, 57, 92, 74, 22, 56, 91, 81, 25, 41, 30, 7, 18]

Best cromosome [85, 65, 8, 93, 5, 18, 59, 93, 87, 7, 21, 78, 99, 31, 63, 55, 22, 13]

Best cromosome [71, 49, 9, 82, 11, 45, 34, 82, 69, 13, 18, 60, 74, 28, 38, 55, 13, 25]

Best cromosome [44, 22, 18, 89, 3, 73, 55, 86, 82, 12, 9, 82, 91, 22, 42, 88, 38, 41]

Best cromosome [83, 33, 8, 97, 16, 53, 53, 97, 90, 2, 47, 80, 90, 50, 3, 61, 11, 26]

Best cromosome [19, 3, 4, 53, 0, 7, 9, 77, 99, 45, 74, 72, 99, 0, 64, 68, 22, 67]

Best cromosome [23, 3, 2, 70, 3, 29, 33, 100, 97, 77, 61, 82, 96, 70, 7, 83, 11, 51]

Best cromosome [68, 64, 3, 80, 16, 8, 48, 84, 72, 38, 50, 77, 91, 27, 36, 53, 16, 28]

Best cromosome [82, 52, 1, 61, 0, 31, 24, 94, 85, 46, 44, 66, 100, 28, 7, 57, 35, 59]

Best cromosome [43, 50, 0, 53, 0, 8, 23, 84, 44, 50, 49, 57, 76, 25, 57, 23, 17, 31]

MAE mean:     0.7324428325

MZE mean:     0.565305851652

Best cromosome [82, 81, 0, 78, 100, 10, 14, 13, 10, 3, 83, 0, 24, 46, 80, 70, 36, 2]

Best cromosome [11, 13, 1, 46, 97, 10, 4, 0, 15, 17, 96, 12, 68, 39, 89, 79, 15, 6]

Best cromosome [35, 44, 0, 25, 99, 11, 14, 30, 0, 14, 85, 0, 13, 44, 96, 51, 4, 15]

Best cromosome [63, 43, 0, 68, 98, 23, 0, 37, 3, 22, 90, 6, 20, 56, 94, 77, 21, 26]

Best cromosome [96, 80, 7, 77, 89, 27, 7, 9, 18, 0, 64, 2, 9, 53, 98, 77, 39, 5]

Best cromosome [43, 51, 1, 28, 98, 1, 2, 19, 14, 9, 93, 0, 7, 39, 76, 71, 17, 48]

Best cromosome [46, 44, 9, 89, 94, 32, 16, 20, 38, 10, 83, 5, 1, 74, 77, 98, 67, 2]

Best cromosome [100, 83, 6, 90, 86, 17, 19, 39, 24, 9, 76, 0, 3, 46, 97, 85, 39, 7]

Best cromosome [44, 75, 6, 45, 98, 36, 0, 2, 10, 4, 99, 1, 16, 49, 98, 92, 9, 75]

Best cromosome [45, 64, 2, 49, 91, 2, 7, 7, 22, 10, 96, 1, 7, 41, 100, 84, 14, 30]

MAE mean:     0.717966296608

MZE mean:     0.534919722235

