Best cromosome [95, 66, 97, 87, 56, 56, 88, 64, 78, 58, 82, 28, 80, 76, 39, 34, 79, 46]

Best cromosome [36, 96, 93, 86, 34, 92, 99, 65, 55, 68, 44, 20, 2, 10, 6, 100, 83, 51]

Best cromosome [33, 92, 55, 82, 95, 31, 51, 0, 4, 55, 43, 77, 39, 21, 10, 56, 26, 62]

Best cromosome [75, 99, 18, 76, 92, 31, 94, 13, 9, 9, 48, 94, 68, 97, 0, 36, 88, 38]

Best cromosome [20, 32, 87, 86, 87, 33, 56, 53, 3, 88, 55, 1, 15, 39, 44, 58, 47, 60]

Best cromosome [80, 24, 13, 88, 71, 25, 12, 1, 47, 42, 93, 27, 37, 3, 23, 18, 30, 34]

Best cromosome [9, 11, 70, 13, 0, 13, 33, 39, 96, 43, 0, 93, 77, 66, 79, 88, 25, 8]

Best cromosome [84, 50, 45, 38, 66, 17, 44, 53, 21, 99, 71, 62, 36, 0, 48, 13, 17, 90]

Best cromosome [53, 64, 98, 47, 78, 43, 23, 82, 55, 89, 48, 49, 54, 49, 49, 20, 47, 78]

Best cromosome [74, 55, 76, 20, 48, 9, 32, 8, 53, 64, 69, 91, 4, 41, 22, 82, 20, 21]

MAE mean:     0.183333333333

MZE mean:     0.183333333333

Best cromosome [3, 93, 74, 2, 4, 9, 49, 17, 12, 38, 43, 47, 96, 29, 4, 28, 47, 47]

Best cromosome [8, 56, 93, 12, 3, 41, 61, 72, 3, 18, 44, 19, 86, 9, 13, 77, 79, 44]

Best cromosome [8, 46, 68, 14, 17, 0, 87, 13, 9, 87, 0, 69, 21, 48, 74, 47, 30, 2]

Best cromosome [8, 11, 50, 4, 16, 86, 89, 89, 11, 91, 48, 79, 100, 4, 8, 93, 52, 7]

Best cromosome [10, 21, 87, 11, 2, 8, 83, 9, 75, 59, 4, 78, 27, 35, 75, 77, 19, 1]

Best cromosome [0, 46, 91, 27, 11, 14, 82, 29, 58, 70, 5, 98, 31, 4, 55, 4, 21, 38]

Best cromosome [5, 71, 13, 3, 11, 32, 68, 27, 89, 31, 5, 8, 1, 100, 50, 39, 67, 1]

Best cromosome [17, 12, 25, 5, 7, 32, 44, 12, 97, 91, 17, 19, 3, 66, 94, 11, 62, 35]

Best cromosome [0, 51, 2, 3, 1, 42, 98, 2, 62, 88, 4, 4, 9, 80, 51, 32, 57, 13]

Best cromosome [46, 15, 46, 7, 54, 21, 94, 14, 87, 88, 89, 6, 1, 80, 24, 27, 69, 23]

MAE mean:     0.333333333333

MZE mean:     0.166666666667

Best cromosome [50, 56, 4, 90, 20, 47, 3, 49, 6, 97, 12, 84, 0, 68, 39, 14, 100, 67]

Best cromosome [73, 2, 76, 52, 82, 22, 86, 11, 93, 80, 66, 19, 53, 4, 97, 38, 28, 82]

Best cromosome [28, 28, 59, 32, 29, 48, 71, 64, 22, 91, 24, 72, 88, 96, 50, 96, 95, 82]

Best cromosome [77, 62, 13, 22, 37, 61, 91, 28, 77, 0, 35, 40, 17, 0, 73, 84, 60, 68]

Best cromosome [20, 42, 17, 64, 0, 77, 31, 23, 85, 56, 10, 48, 25, 49, 13, 65, 84, 39]

Best cromosome [12, 41, 82, 61, 38, 20, 4, 73, 57, 19, 61, 28, 47, 61, 2, 35, 76, 51]

Best cromosome [95, 55, 73, 65, 85, 25, 42, 71, 43, 59, 26, 16, 79, 20, 80, 72, 49, 55]

Best cromosome [40, 81, 91, 85, 6, 87, 93, 59, 97, 43, 11, 45, 87, 82, 88, 48, 22, 60]

Best cromosome [47, 25, 37, 100, 96, 66, 96, 28, 60, 89, 44, 52, 76, 86, 1, 96, 87, 57]

Best cromosome [13, 17, 18, 70, 56, 46, 99, 35, 0, 50, 25, 37, 92, 41, 62, 94, 26, 34]

MAE mean:     0.333333333333

MZE mean:     0.25

Best cromosome [95, 66, 97, 87, 56, 56, 88, 76, 78, 58, 82, 28, 80, 76, 39, 34, 79, 46]

Best cromosome [36, 96, 93, 86, 1, 92, 99, 65, 55, 68, 44, 20, 2, 10, 6, 100, 83, 51]

Best cromosome [33, 92, 29, 82, 95, 11, 51, 0, 4, 55, 5, 88, 83, 21, 40, 56, 26, 60]

Best cromosome [75, 99, 18, 76, 92, 31, 94, 13, 9, 9, 48, 94, 68, 97, 0, 36, 88, 38]

Best cromosome [20, 80, 87, 93, 94, 28, 56, 53, 3, 88, 55, 1, 15, 39, 44, 58, 47, 60]

Best cromosome [80, 24, 13, 88, 71, 25, 12, 1, 47, 42, 93, 27, 37, 3, 23, 18, 32, 34]

Best cromosome [9, 11, 59, 13, 0, 65, 71, 39, 90, 43, 38, 78, 36, 16, 50, 20, 74, 8]

Best cromosome [51, 50, 45, 38, 66, 17, 44, 53, 21, 99, 71, 62, 36, 0, 48, 13, 17, 90]

Best cromosome [53, 64, 98, 47, 78, 94, 31, 82, 55, 89, 98, 49, 54, 49, 49, 20, 47, 78]

Best cromosome [74, 55, 76, 20, 48, 9, 32, 8, 53, 64, 69, 91, 4, 9, 22, 82, 20, 21]

MAE mean:     0.6

MZE mean:     0.333333333333

Best cromosome [9, 66, 19, 52, 11, 35, 90, 90, 13, 21, 100, 11, 16, 29, 98, 83, 27, 59]

Best cromosome [30, 28, 24, 18, 48, 79, 23, 89, 66, 34, 68, 4, 38, 68, 30, 83, 73, 86]

Best cromosome [81, 97, 17, 77, 27, 42, 18, 76, 47, 8, 96, 78, 61, 53, 43, 74, 83, 93]

Best cromosome [51, 68, 83, 15, 63, 16, 58, 98, 15, 64, 63, 70, 96, 35, 83, 91, 73, 20]

Best cromosome [87, 53, 80, 72, 27, 33, 4, 54, 69, 10, 75, 21, 15, 41, 51, 98, 52, 42]

Best cromosome [8, 59, 35, 7, 39, 38, 30, 43, 46, 2, 63, 22, 30, 100, 54, 57, 75, 70]

Best cromosome [79, 71, 83, 9, 41, 32, 23, 49, 61, 10, 94, 59, 65, 84, 49, 18, 24, 5]

Best cromosome [1, 45, 54, 34, 39, 17, 42, 92, 67, 51, 91, 34, 21, 68, 46, 35, 73, 98]

Best cromosome [10, 67, 67, 35, 24, 55, 37, 58, 55, 26, 100, 1, 16, 69, 59, 35, 78, 11]

Best cromosome [6, 15, 5, 70, 0, 26, 58, 82, 90, 39, 89, 32, 53, 21, 96, 52, 79, 62]

MAE mean:     0.0666666666667

MZE mean:     0.0333333333333

