Best cromosome [17, 86, 19, 25, 13, 35, 46, 28, 100, 61, 1, 55, 94, 98, 1, 48, 85, 15]

Best cromosome [19, 42, 32, 18, 48, 88, 3, 20, 95, 41, 34, 99, 75, 93, 27, 51, 62, 13]

Best cromosome [5, 7, 3, 24, 11, 42, 4, 36, 87, 90, 72, 81, 67, 86, 30, 91, 72, 22]

Best cromosome [14, 9, 21, 29, 15, 50, 0, 31, 100, 27, 21, 96, 53, 86, 18, 84, 62, 44]

Best cromosome [7, 79, 7, 25, 0, 53, 31, 39, 98, 22, 8, 41, 87, 80, 9, 45, 83, 14]

Best cromosome [17, 28, 9, 28, 5, 24, 18, 39, 100, 55, 23, 92, 50, 82, 12, 72, 83, 46]

Best cromosome [4, 37, 2, 9, 39, 17, 4, 14, 97, 63, 5, 91, 65, 86, 14, 43, 41, 4]

Best cromosome [16, 43, 4, 24, 9, 60, 3, 15, 94, 34, 6, 89, 66, 82, 34, 59, 66, 9]

Best cromosome [1, 11, 12, 20, 4, 20, 6, 42, 92, 58, 81, 47, 57, 74, 18, 85, 97, 10]

Best cromosome [1, 62, 6, 13, 8, 46, 24, 18, 96, 64, 25, 72, 92, 97, 36, 85, 83, 42]

MAE mean:     1.63194739639

MZE mean:     0.785410024796

Best cromosome [8, 70, 49, 29, 0, 10, 15, 27, 19, 68, 13, 95, 4, 0, 2, 5, 17, 36]

Best cromosome [1, 100, 0, 43, 93, 18, 4, 43, 43, 97, 10, 94, 6, 46, 27, 55, 30, 11]

Best cromosome [24, 100, 88, 50, 0, 64, 75, 29, 15, 40, 4, 93, 15, 35, 16, 97, 2, 22]

Best cromosome [18, 70, 56, 13, 24, 4, 24, 1, 10, 6, 48, 98, 73, 0, 3, 8, 90, 79]

Best cromosome [35, 97, 63, 8, 15, 12, 29, 9, 30, 22, 14, 97, 11, 0, 1, 14, 56, 49]

Best cromosome [3, 93, 50, 1, 13, 28, 22, 12, 10, 17, 4, 100, 19, 5, 2, 9, 23, 10]

Best cromosome [21, 100, 79, 70, 0, 64, 63, 29, 46, 24, 9, 97, 9, 10, 2, 70, 11, 33]

Best cromosome [4, 85, 39, 22, 31, 46, 42, 56, 31, 17, 11, 99, 13, 14, 2, 31, 19, 15]

Best cromosome [18, 93, 84, 81, 2, 73, 45, 31, 22, 64, 9, 99, 5, 28, 16, 41, 2, 65]

Best cromosome [22, 83, 76, 40, 21, 22, 26, 22, 61, 7, 0, 96, 45, 5, 4, 41, 73, 68]

MAE mean:     1.63850513638

MZE mean:     0.794217144881

Best cromosome [13, 80, 78, 86, 88, 5, 89, 71, 11, 11, 85, 19, 24, 37, 14, 2, 57, 0]

Best cromosome [26, 85, 100, 85, 55, 10, 99, 78, 3, 2, 82, 2, 30, 32, 16, 16, 59, 3]

Best cromosome [6, 73, 67, 77, 77, 8, 93, 85, 0, 3, 87, 24, 9, 11, 22, 14, 47, 6]

Best cromosome [23, 85, 83, 76, 58, 20, 97, 67, 11, 2, 99, 12, 100, 25, 66, 4, 36, 0]

Best cromosome [0, 96, 96, 84, 82, 3, 99, 69, 18, 10, 83, 3, 11, 5, 25, 25, 77, 4]

Best cromosome [10, 93, 91, 68, 48, 13, 93, 84, 4, 0, 56, 11, 37, 1, 5, 5, 56, 7]

Best cromosome [10, 100, 82, 70, 57, 9, 89, 85, 0, 3, 94, 0, 4, 2, 27, 28, 51, 5]

Best cromosome [45, 68, 86, 78, 83, 17, 92, 52, 47, 5, 51, 18, 1, 66, 8, 2, 52, 19]

Best cromosome [28, 92, 80, 98, 23, 3, 92, 39, 21, 26, 90, 21, 92, 27, 54, 8, 41, 17]

Best cromosome [21, 91, 99, 89, 87, 7, 94, 66, 69, 9, 75, 16, 15, 37, 18, 17, 39, 9]

MAE mean:     1.63537017357

MZE mean:     0.791246014878

Best cromosome [8, 30, 1, 86, 0, 11, 67, 16, 8, 56, 81, 95, 75, 11, 24, 3, 17, 0]

Best cromosome [20, 88, 36, 66, 0, 6, 99, 7, 2, 58, 95, 98, 14, 3, 19, 31, 17, 15]

Best cromosome [30, 76, 25, 56, 0, 22, 96, 12, 14, 36, 97, 93, 19, 5, 17, 48, 2, 13]

Best cromosome [3, 60, 3, 73, 6, 28, 98, 0, 20, 39, 98, 100, 66, 0, 0, 8, 27, 24]

Best cromosome [2, 38, 26, 82, 2, 44, 47, 13, 25, 17, 93, 99, 80, 7, 24, 4, 6, 2]

Best cromosome [12, 48, 9, 83, 9, 5, 100, 16, 24, 3, 94, 92, 75, 1, 0, 16, 7, 3]

Best cromosome [10, 40, 7, 77, 13, 2, 73, 25, 49, 26, 99, 91, 71, 6, 7, 3, 16, 3]

Best cromosome [1, 85, 29, 70, 2, 70, 84, 0, 16, 13, 94, 100, 28, 4, 2, 4, 0, 0]

Best cromosome [10, 67, 3, 76, 0, 20, 78, 4, 39, 12, 98, 99, 92, 10, 10, 17, 19, 24]

Best cromosome [9, 55, 2, 68, 16, 12, 87, 54, 43, 1, 96, 98, 96, 11, 11, 24, 1, 7]

MAE mean:     1.54273379384

MZE mean:     0.783846971307

Best cromosome [4, 1, 27, 23, 1, 1, 83, 21, 98, 5, 0, 97, 6, 64, 21, 16, 96, 12]

Best cromosome [19, 4, 1, 3, 1, 10, 52, 11, 30, 17, 7, 99, 0, 4, 11, 3, 91, 27]

Best cromosome [7, 28, 29, 36, 15, 3, 66, 18, 47, 13, 20, 100, 0, 97, 26, 44, 95, 64]

Best cromosome [25, 5, 19, 20, 21, 41, 66, 15, 46, 5, 19, 99, 0, 78, 9, 44, 95, 27]

Best cromosome [36, 5, 28, 3, 15, 38, 54, 21, 22, 6, 26, 100, 11, 40, 3, 15, 88, 44]

Best cromosome [3, 31, 13, 1, 5, 1, 65, 44, 56, 2, 23, 95, 3, 69, 20, 13, 81, 1]

Best cromosome [10, 0, 31, 5, 1, 22, 68, 21, 69, 17, 32, 98, 6, 82, 4, 55, 83, 24]

Best cromosome [15, 12, 6, 16, 19, 23, 38, 20, 64, 4, 30, 100, 2, 74, 48, 66, 99, 9]

Best cromosome [18, 1, 25, 25, 8, 7, 52, 46, 62, 5, 4, 100, 1, 77, 10, 7, 90, 18]

Best cromosome [19, 13, 1, 9, 8, 10, 56, 14, 41, 15, 20, 84, 3, 11, 1, 14, 93, 19]

MAE mean:     1.61545784626

MZE mean:     0.784081650726

